"Index" "Row.names" "DJI.Close" "MMM" "AXP" "AAPL" "BA" "CAT" "CVX" "CSCO" "KO" "DIS" "XOM" "GE" "GS" "HD" "IBM" "INTC" "JNJ" "JPM" "MCD" "MRK" "MSFT" "NKE" "PFE" "PG" "TRV" "UTX" "UNH" "VZ" "V" "WMT"
1 "2013-01-02" 0 0 0 1 0 0 0 1 1 0 1 0 1 0 1 1 0 1 0 0 1 0 0 0 0 0 0 0 1 1
2 "2013-01-03" 0 0 0 1 1 1 0 0 1 0 0 1 1 0 0 0 0 0 0 0 1 1 1 0 0 0 0 0 1 0
3 "2013-01-04" 0 0 0 1 0 1 0 1 1 1 0 1 1 0 0 0 0 0 0 0 1 0 1 0 0 0 0 0 1 0
4 "2013-01-07" 1 0 1 1 0 1 0 0 0 0 0 0 1 1 1 1 0 0 0 0 1 0 0 0 0 0 0 0 1 0
5 "2013-01-08" 1 0 1 1 1 0 0 0 0 0 0 1 1 0 1 1 0 0 1 0 1 0 1 0 0 0 0 0 1 0
6 "2013-01-09" 1 0 0 1 0 0 0 0 1 0 0 0 1 0 0 1 0 0 1 0 0 0 1 0 0 0 0 0 1 1
7 "2013-01-10" 1 0 0 1 0 0 1 0 0 0 1 0 1 1 0 1 0 0 1 0 0 0 1 0 0 0 0 0 0 0
8 "2013-01-11" 1 0 0 1 0 0 1 0 0 0 0 1 1 1 1 1 0 0 0 0 1 1 0 0 1 0 0 0 0 1
9 "2013-01-14" 1 0 0 1 0 0 1 1 0 0 1 1 1 0 0 1 1 1 0 0 1 0 1 0 0 0 0 0 0 0
10 "2013-01-15" 1 0 0 1 0 1 0 1 1 0 0 1 1 0 1 1 0 0 1 0 1 0 0 0 0 0 0 1 0 1
11 "2013-01-16" 1 0 0 1 0 1 1 1 1 0 0 0 1 0 0 1 0 1 1 0 0 0 0 0 0 0 0 0 0 0
12 "2013-01-17" 1 0 1 1 0 0 0 0 0 0 0 1 1 0 0 1 0 1 0 0 1 1 0 0 0 0 0 0 0 1
13 "2013-01-18" 1 0 0 1 0 0 0 0 0 1 0 1 1 0 1 1 0 1 0 0 1 0 0 0 0 0 0 0 0 1
14 "2013-01-22" 1 0 0 1 0 1 0 0 0 0 0 1 1 0 1 1 1 0 0 0 1 0 0 0 0 0 0 1 1 1
15 "2013-01-23" 1 0 0 1 0 0 0 0 0 1 0 1 1 0 1 1 0 1 1 0 1 0 0 0 0 0 1 0 0 0
16 "2013-01-24" 1 1 1 1 0 1 0 0 0 1 0 0 1 0 1 1 0 0 0 0 1 1 0 0 0 0 0 0 0 0
17 "2013-01-25" 1 1 0 1 0 0 1 1 1 0 1 0 0 0 1 1 0 1 0 0 1 0 0 1 0 0 0 0 1 0
18 "2013-01-28" 0 0 0 1 0 1 0 1 0 1 0 1 1 1 0 0 0 0 1 1 1 0 0 0 0 0 0 0 0 0
19 "2013-01-29" 1 0 0 1 0 0 0 0 0 0 0 1 1 0 0 1 0 0 0 0 1 0 1 1 0 0 1 0 0 1
20 "2013-01-30" 0 0 0 1 0 1 0 0 1 0 0 0 1 0 0 1 0 0 0 0 1 0 1 0 0 0 1 0 0 0
21 "2013-01-31" 1 0 0 0 0 1 0 0 0 0 0 1 1 0 0 1 0 0 0 0 1 0 0 0 0 0 0 0 0 1
22 "2013-02-01" 0 1 0 0 0 0 0 1 0 1 0 0 1 0 0 0 0 0 1 0 0 0 1 0 0 0 0 1 1 0
23 "2013-02-04" 1 0 0 0 1 0 0 0 1 1 0 0 1 0 0 1 0 0 0 0 1 0 0 0 0 0 0 1 1 1
24 "2013-02-05" 1 0 1 1 1 0 0 1 1 1 0 0 1 1 0 0 0 1 0 0 0 0 0 0 0 0 0 0 1 1
25 "2013-02-06" 0 0 0 1 0 0 0 0 0 1 0 0 1 0 0 0 0 1 0 0 1 0 0 0 0 0 0 1 1 0
26 "2013-02-07" 1 0 1 1 0 0 0 1 0 1 0 0 1 0 0 0 0 0 0 0 1 0 0 1 0 0 0 0 1 0
27 "2013-02-08" 0 0 1 1 0 1 1 1 0 0 0 0 0 1 0 1 0 1 0 0 1 0 0 0 0 0 0 0 0 0
28 "2013-02-11" 1 0 0 1 0 0 0 1 0 0 0 1 1 0 0 0 1 1 0 1 1 0 0 0 0 0 0 0 0 1
29 "2013-02-12" 0 0 1 1 0 0 0 0 1 1 1 1 1 1 0 1 0 1 0 0 1 0 0 0 0 0 0 0 1 1
30 "2013-02-13" 1 0 1 1 0 1 0 1 1 1 0 1 1 0 1 0 1 0 0 0 0 0 0 0 0 0 0 0 0 0
31 "2013-02-14" 0 1 1 1 0 0 0 1 1 1 0 0 1 0 0 0 0 1 0 0 1 0 0 0 0 0 0 0 0 0
32 "2013-02-15" 0 0 0 0 0 0 0 0 0 1 0 0 0 0 0 0 0 0 0 0 1 1 0 0 0 0 0 0 0 0
33 "2013-02-19" 0 0 1 1 1 0 0 1 1 0 1 0 1 0 0 1 0 0 0 1 1 0 1 1 0 0 0 1 1 1
34 "2013-02-20" 0 0 1 0 1 0 1 1 1 1 1 0 0 0 0 0 0 1 0 1 1 0 1 1 0 0 0 1 0 0
35 "2013-02-21" 1 0 0 1 0 0 0 0 1 0 0 0 0 0 0 1 0 0 0 1 1 0 1 1 0 0 0 1 1 0
36 "2013-02-22" 1 0 1 1 0 0 0 1 1 0 0 0 0 0 0 0 0 0 0 0 1 0 0 0 0 0 0 1 1 0
37 "2013-02-25" 1 0 0 1 0 0 1 0 0 0 1 0 0 0 0 1 0 1 1 1 1 0 0 1 0 0 0 1 1 0
38 "2013-02-26" 1 0 0 1 0 0 0 1 0 0 1 0 0 1 1 1 0 1 0 0 0 0 0 0 0 0 0 0 1 1
39 "2013-02-27" 1 0 0 1 0 1 0 0 0 0 1 0 1 1 1 1 0 0 0 0 0 0 1 0 0 0 0 1 1 0
40 "2013-02-28" 1 0 0 1 0 1 0 1 0 0 0 0 0 1 0 1 0 1 1 0 1 0 0 0 0 0 0 1 1 0
41 "2013-03-01" 1 0 1 0 0 1 0 1 0 1 0 0 0 0 0 0 0 0 1 0 1 0 0 0 0 0 0 1 1 0
42 "2013-03-04" 1 0 1 1 1 0 0 1 1 1 0 0 1 1 1 1 0 0 0 1 0 1 1 0 0 0 0 1 1 1
43 "2013-03-05" 1 0 1 1 1 0 1 1 0 1 0 1 0 1 1 0 1 1 1 0 0 1 1 0 0 0 0 1 1 1
44 "2013-03-06" 1 0 0 1 1 0 1 1 1 0 1 0 0 0 0 0 0 1 1 1 1 1 1 0 0 0 0 0 1 0
45 "2013-03-07" 1 0 0 1 0 0 0 1 1 0 1 0 0 0 0 1 1 1 0 0 1 1 1 0 0 0 1 0 1 0
46 "2013-03-08" 1 1 1 1 0 0 0 1 1 1 0 0 1 1 0 1 0 0 0 0 0 1 1 0 0 0 0 0 1 0
47 "2013-03-11" 1 0 1 1 0 0 1 0 0 0 0 0 0 0 1 1 1 0 1 0 0 0 1 0 0 0 0 1 1 1
48 "2013-03-12" 1 0 1 1 1 0 0 1 0 1 0 0 0 0 0 0 1 0 0 0 0 0 0 0 0 0 0 1 1 1
49 "2013-03-13" 0 0 0 1 0 0 0 1 0 0 1 1 0 0 1 0 1 1 1 0 0 0 1 0 0 0 1 0 0 0
50 "2013-03-14" 0 0 0 1 0 0 1 0 1 0 0 1 0 0 1 0 1 0 1 0 0 0 0 0 0 0 0 0 1 0
51 "2013-03-15" 0 1 0 1 1 0 1 1 0 0 0 1 1 0 0 0 0 0 0 0 0 1 0 0 0 0 0 0 0 0
52 "2013-03-18" 0 0 0 1 1 1 1 1 0 0 0 0 0 0 1 1 1 1 1 0 1 1 0 0 0 0 0 1 1 0
53 "2013-03-19" 1 0 0 1 0 0 0 0 0 0 0 0 0 0 1 1 0 0 0 0 1 1 0 0 0 0 0 1 0 0
54 "2013-03-20" 0 0 0 1 0 0 0 1 1 1 0 0 0 0 0 1 0 0 0 0 1 1 0 0 0 1 0 0 0 0
55 "2013-03-21" 1 1 0 1 0 0 0 1 1 1 1 1 0 0 0 1 1 0 0 0 1 1 1 0 0 0 0 0 0 0
56 "2013-03-22" 1 0 1 1 0 0 1 1 1 0 0 0 0 0 0 0 0 0 0 0 0 1 0 0 0 0 0 1 1 1
57 "2013-03-25" 1 0 1 1 0 0 0 0 0 0 1 0 0 1 1 0 1 0 0 0 1 1 1 0 0 0 0 1 1 1
58 "2013-03-26" 1 0 0 1 1 0 1 0 1 0 0 1 0 0 0 1 1 0 0 0 0 1 1 0 0 1 1 1 1 0
59 "2013-03-27" 1 0 1 0 1 0 0 1 1 0 1 0 1 0 1 1 0 0 0 1 1 0 0 1 0 0 0 1 1 0
60 "2013-03-28" 0 0 0 0 1 0 0 1 1 0 1 1 0 0 1 1 1 0 1 0 1 1 0 0 0 0 1 0 1 1
61 "2013-04-01" 1 0 0 0 1 0 0 1 0 1 1 0 0 1 1 1 0 1 0 0 1 0 0 1 0 0 0 1 1 1
62 "2013-04-02" 0 0 0 1 0 0 1 0 1 0 1 1 1 1 1 0 1 0 1 0 1 1 1 1 0 0 1 1 1 0
63 "2013-04-03" 1 0 0 0 0 0 0 1 1 1 0 1 0 1 1 0 1 0 1 0 1 1 1 1 0 0 0 0 1 0
64 "2013-04-04" 1 0 0 0 0 1 0 1 0 0 0 0 0 1 0 1 0 0 0 0 1 0 0 0 0 1 0 1 1 0
65 "2013-04-05" 1 0 0 0 1 1 1 0 0 1 1 0 1 1 0 0 0 0 1 0 1 0 0 1 0 0 0 0 1 0
66 "2013-04-08" 1 0 1 1 0 0 0 0 0 1 0 0 0 1 0 0 1 0 0 0 1 1 0 1 0 0 0 0 0 0
67 "2013-04-09" 1 0 0 1 1 1 0 0 1 1 1 0 0 0 1 1 1 0 0 1 1 1 0 1 0 0 0 1 0 0
68 "2013-04-10" 0 1 1 1 1 1 0 1 0 1 1 1 1 1 1 1 0 1 1 0 0 1 1 1 0 1 0 1 1 0
69 "2013-04-11" 0 0 1 1 0 0 0 1 1 1 1 1 0 1 1 1 1 1 1 1 0 1 1 1 0 0 1 1 1 0
70 "2013-04-12" 0 0 1 0 0 0 1 1 0 0 0 0 0 0 0 1 0 1 1 0 1 1 1 1 0 0 1 1 1 0
71 "2013-04-15" 0 0 0 0 0 0 0 0 1 0 0 1 1 0 1 0 0 0 0 0 0 0 1 1 0 0 0 1 1 1
72 "2013-04-16" 0 0 0 1 0 0 0 1 1 1 1 0 1 0 1 1 1 0 0 0 1 1 0 0 0 0 0 1 0 0
73 "2013-04-17" 0 0 0 0 1 0 0 0 0 1 0 0 0 1 1 1 1 0 1 0 1 1 1 0 0 1 0 0 1 1
74 "2013-04-18" 1 0 1 0 1 0 0 0 1 0 0 0 0 1 0 1 0 0 0 0 0 1 0 0 0 0 0 1 1 1
75 "2013-04-19" 1 0 1 0 1 0 0 0 0 0 0 0 0 0 0 1 0 0 0 0 1 1 0 0 0 0 0 0 1 0
76 "2013-04-22" 1 0 0 1 1 0 0 0 1 0 0 0 0 0 0 1 0 0 0 0 0 1 1 0 0 0 0 0 1 0
77 "2013-04-23" 0 0 0 1 1 1 0 0 0 1 0 0 1 0 1 0 1 0 1 0 1 1 0 1 0 0 0 0 1 0
78 "2013-04-24" 1 0 0 1 0 1 0 1 0 0 0 0 1 0 1 0 0 1 0 1 0 0 0 1 0 0 0 0 1 0
79 "2013-04-25" 1 0 1 1 0 1 0 1 0 1 0 0 0 0 0 0 1 0 0 0 1 0 1 1 0 0 0 1 1 0
80 "2013-04-26" 0 0 0 1 1 1 1 1 0 1 0 0 0 0 0 0 0 0 0 0 0 0 0 0 0 0 0 1 0 1
81 "2013-04-29" 1 0 0 1 0 1 1 0 0 1 1 0 0 0 1 1 1 0 0 0 1 1 0 0 0 0 0 0 0 1
82 "2013-04-30" 1 0 0 1 0 1 0 0 0 0 0 0 0 0 0 1 0 0 0 1 0 1 1 0 0 0 0 0 1 0
83 "2013-05-01" 1 0 0 1 1 1 0 0 0 0 0 0 0 0 0 1 0 0 0 1 0 1 1 0 0 1 0 1 1 1
84 "2013-05-02" 1 0 0 1 0 1 1 0 0 1 0 0 0 0 0 1 0 0 0 0 1 0 0 1 0 0 0 0 1 1
85 "2013-05-03" 1 0 0 1 1 1 0 0 1 1 1 0 0 1 1 0 1 0 0 1 1 1 1 0 0 0 0 0 1 1
86 "2013-05-06" 1 0 0 1 0 1 1 0 1 1 0 0 1 1 0 1 0 0 0 0 1 0 0 0 0 0 1 1 1 0
87 "2013-05-07" 1 0 1 1 1 1 0 1 1 1 0 0 1 0 0 1 0 0 0 0 0 1 1 0 0 0 1 0 1 1
88 "2013-05-08" 0 1 0 1 0 1 0 0 1 1 0 1 1 0 0 0 1 1 1 0 0 0 1 0 0 0 1 0 0 0
89 "2013-05-09" 1 1 0 1 1 0 1 0 0 1 1 0 1 1 0 1 0 1 0 0 1 0 0 0 0 1 1 0 1 1
90 "2013-05-10" 1 0 1 0 0 1 0 1 0 0 0 0 0 0 0 0 0 0 0 1 1 0 1 0 0 0 0 0 1 1
91 "2013-05-13" 1 1 0 1 1 0 0 1 1 0 0 0 1 1 0 0 1 0 0 0 1 0 1 0 0 0 0 0 1 0
92 "2013-05-14" 1 0 0 1 1 1 0 0 1 1 0 0 1 0 0 0 0 1 0 0 1 1 1 0 0 0 0 0 1 0
93 "2013-05-15" 1 0 1 0 0 0 0 1 1 1 0 0 1 0 0 1 1 0 0 1 1 0 0 0 0 0 0 0 1 1
94 "2013-05-16" 1 0 0 1 0 1 0 1 1 0 1 0 1 1 0 1 1 1 1 0 1 0 0 0 0 0 1 0 1 1
95 "2013-05-17" 0 0 0 0 1 0 0 1 0 0 1 0 1 0 1 0 1 1 0 0 1 0 0 0 0 0 1 0 1 0
96 "2013-05-20" 0 0 1 1 1 1 0 0 0 1 0 0 1 0 0 1 0 0 1 0 1 0 0 0 0 0 0 0 0 0
97 "2013-05-21" 0 0 0 1 1 1 0 1 0 0 1 0 1 1 1 0 1 1 1 0 1 0 0 0 0 0 0 0 0 0
98 "2013-05-22" 1 0 0 1 0 1 0 0 0 0 0 0 1 1 0 1 0 0 1 1 1 0 1 0 1 0 0 1 0 0
99 "2013-05-23" 1 0 0 1 1 0 0 0 0 1 0 0 1 1 1 0 1 0 0 1 1 1 0 0 0 0 0 1 0 0
100 "2013-05-24" 1 0 1 1 1 0 0 0 0 0 0 0 1 0 1 0 0 0 0 0 1 0 0 1 0 0 0 0 1 0
101 "2013-05-28" 0 0 0 1 1 0 0 1 0 1 0 0 1 0 0 1 0 1 0 0 1 0 0 1 0 0 0 0 0 1
102 "2013-05-29" 0 0 0 1 1 0 0 0 0 1 0 0 1 0 0 1 1 1 0 0 1 0 0 0 0 0 1 0 0 0
103 "2013-05-30" 0 0 0 1 1 0 0 1 0 0 0 1 1 0 1 1 0 0 1 0 1 0 0 0 0 0 0 0 0 0
104 "2013-05-31" 0 0 1 1 0 0 0 0 0 0 0 1 0 0 0 1 0 0 0 0 0 0 0 0 0 0 0 0 0 0
105 "2013-06-03" 0 0 0 1 0 0 0 0 0 0 0 0 1 0 0 1 0 1 0 0 1 0 0 0 0 0 0 0 1 0
106 "2013-06-04" 1 0 0 1 0 1 0 1 1 1 0 1 1 0 0 1 0 1 1 1 0 0 1 0 0 0 0 0 1 1
107 "2013-06-05" 1 0 0 1 1 1 1 0 0 0 0 0 0 0 0 1 1 0 0 1 1 0 0 1 0 0 0 0 0 0
108 "2013-06-06" 1 0 0 1 0 0 0 1 1 0 0 0 1 0 0 0 0 0 0 0 1 0 1 1 0 0 0 1 0 0
109 "2013-06-07" 0 0 0 1 1 0 0 1 0 1 0 0 1 1 1 0 0 1 0 1 1 0 1 1 0 0 0 0 0 1
110 "2013-06-10" 0 0 0 1 0 1 0 0 0 0 0 0 1 0 0 0 0 0 1 0 1 0 1 0 0 0 1 0 1 0
111 "2013-06-11" 0 0 0 1 0 1 0 0 1 0 0 0 0 1 0 1 0 0 1 0 1 0 0 0 0 0 0 0 0 0
112 "2013-06-12" 1 0 0 0 0 0 0 0 0 0 0 0 1 0 0 1 0 0 0 1 0 0 1 0 0 0 1 1 0 0
113 "2013-06-13" 1 0 0 1 0 0 0 0 0 0 1 0 0 0 0 1 1 0 0 0 1 0 1 0 0 0 1 0 1 0
114 "2013-06-14" 1 0 0 0 1 1 0 0 0 0 0 0 0 0 0 1 0 0 0 0 1 0 1 0 0 0 0 0 1 0
115 "2013-06-17" 0 0 0 1 1 1 0 1 0 0 0 0 1 0 0 1 0 1 0 0 1 0 1 0 0 0 1 1 1 1
116 "2013-06-18" 0 0 0 1 1 0 0 0 0 0 0 1 0 0 0 1 0 1 0 0 1 0 1 0 0 0 1 0 1 0
117 "2013-06-19" 0 1 0 0 1 1 0 0 0 1 0 1 0 0 0 0 0 1 0 0 1 0 1 0 0 0 0 1 1 0
118 "2013-06-20" 1 0 0 0 1 0 0 0 1 1 0 0 0 1 0 0 0 0 0 0 1 0 0 0 0 0 0 0 0 1
119 "2013-06-21" 1 0 0 1 0 0 0 1 0 0 0 1 0 0 0 0 0 1 0 0 0 0 1 0 0 0 0 0 1 0
120 "2013-06-24" 1 0 1 0 0 0 1 1 0 1 0 0 0 0 0 0 0 0 0 0 1 1 1 0 0 0 0 0 0 1
121 "2013-06-25" 1 0 0 0 0 0 1 0 1 1 0 0 1 0 0 0 0 1 1 0 1 1 0 0 0 0 0 0 1 0
122 "2013-06-26" 1 0 0 0 0 0 0 0 1 1 0 1 0 1 1 0 0 1 0 0 1 1 0 0 1 0 0 0 1 1
123 "2013-06-27" 0 0 1 0 1 1 0 0 0 0 1 0 0 0 0 0 0 1 1 0 1 1 0 0 0 0 0 0 1 1
124 "2013-06-28" 1 0 0 1 1 0 0 1 0 1 0 0 0 0 0 0 0 1 0 0 1 1 0 0 0 0 1 0 1 0
125 "2013-07-01" 1 0 0 1 0 0 0 1 1 0 0 0 0 1 0 1 0 0 0 0 0 1 1 0 0 0 0 0 1 0
126 "2013-07-02" 1 0 0 1 1 1 0 1 0 0 0 0 0 1 1 1 0 0 0 0 1 1 1 0 0 0 0 0 1 0
127 "2013-07-03" 1 0 0 1 1 0 0 0 0 0 0 0 0 0 1 0 0 0 0 0 1 1 0 0 0 0 0 0 1 0
128 "2013-07-05" 1 0 1 0 1 0 0 1 0 0 0 0 1 0 0 0 0 1 0 0 0 0 0 0 0 0 0 0 0 0
129 "2013-07-08" 1 0 1 0 1 0 1 0 0 0 0 0 1 0 0 1 1 1 0 0 0 0 1 0 0 0 1 1 1 0
130 "2013-07-09" 1 1 0 1 0 1 1 1 1 1 1 0 0 1 0 1 0 0 0 0 1 0 1 0 0 1 1 0 0 0
131 "2013-07-10" 1 0 0 1 0 1 0 1 0 1 1 0 1 0 1 1 1 0 0 0 1 0 1 0 0 0 0 1 0 0
132 "2013-07-11" 0 0 0 1 0 0 0 1 0 0 0 0 1 1 1 1 0 1 0 0 1 0 1 0 0 0 0 0 0 1
133 "2013-07-12" 1 0 1 1 1 0 0 0 0 1 0 0 0 0 0 1 0 1 0 0 1 0 1 0 1 0 0 0 0 0
134 "2013-07-15" 1 0 1 1 1 1 0 1 1 0 0 0 1 0 0 0 0 1 0 0 1 0 1 0 0 0 1 0 1 0
135 "2013-07-16" 1 0 1 1 1 1 0 0 0 0 0 0 1 0 0 0 1 1 0 0 1 0 0 0 0 0 0 0 0 0
136 "2013-07-17" 1 0 1 1 0 0 0 0 0 0 1 0 1 0 1 0 1 1 1 0 1 1 0 1 0 0 0 1 0 0
137 "2013-07-18" 1 0 1 1 1 0 0 1 1 0 1 0 1 0 1 1 0 1 1 0 1 0 0 0 0 0 1 1 0 1
138 "2013-07-19" 0 0 0 1 0 0 0 1 0 1 1 1 1 0 0 1 1 0 1 0 1 0 0 0 0 0 1 0 0 0
139 "2013-07-22" 1 0 1 1 1 0 0 1 0 0 0 1 1 0 0 1 0 0 0 0 1 0 1 0 0 1 1 0 1 0
140 "2013-07-23" 0 1 0 1 1 0 0 1 0 1 0 0 1 1 1 0 0 1 0 0 1 0 1 0 1 0 0 0 0 0
141 "2013-07-24" 0 0 0 1 1 0 0 1 0 0 1 1 1 0 1 1 0 0 1 0 1 0 1 0 0 1 1 1 1 1
142 "2013-07-25" 0 0 1 1 1 0 0 1 0 0 0 1 0 1 1 1 1 0 1 0 0 0 1 0 0 0 0 0 1 0
143 "2013-07-26" 0 0 1 1 0 0 0 0 1 0 0 1 0 1 0 1 1 1 0 0 1 0 1 0 0 0 0 0 1 0
144 "2013-07-29" 1 0 0 1 1 0 1 1 1 1 1 1 1 1 1 0 1 0 0 0 1 1 1 1 0 1 1 1 0 1
145 "2013-07-30" 1 0 0 1 0 0 0 1 0 0 0 0 0 0 1 1 1 1 0 0 1 0 1 0 0 0 0 0 0 1
146 "2013-07-31" 1 0 0 1 0 0 0 1 0 1 0 1 0 0 1 0 1 0 0 0 0 0 0 0 0 0 0 0 1 1
147 "2013-08-01" 0 0 0 1 0 0 0 0 0 0 0 1 1 0 0 1 1 0 1 0 0 0 0 0 0 0 0 0 1 1
148 "2013-08-02" 0 0 0 1 1 0 1 1 0 0 0 0 1 0 0 1 1 0 1 0 0 1 0 0 0 0 0 0 1 1
149 "2013-08-05" 0 0 1 1 0 0 0 1 0 1 1 0 1 1 0 0 0 0 0 0 1 0 0 0 0 0 0 0 1 0
150 "2013-08-06" 0 0 0 1 1 0 0 1 0 1 1 0 0 0 0 0 0 0 1 0 1 1 0 0 0 0 1 0 1 0
151 "2013-08-07" 0 0 1 1 1 0 0 1 0 1 1 1 0 1 0 1 1 0 0 0 1 0 0 0 0 0 0 0 0 0
152 "2013-08-08" 0 0 0 1 0 1 0 0 0 0 1 0 1 1 1 1 0 0 0 0 1 0 0 0 0 0 1 0 1 0
153 "2013-08-09" 0 0 0 1 0 1 0 0 1 1 0 0 0 1 0 1 0 0 0 0 1 0 0 0 0 0 0 0 0 0
154 "2013-08-12" 0 0 0 1 0 0 1 1 1 0 0 1 0 0 1 1 0 0 0 0 1 1 0 0 0 0 1 0 0 0
155 "2013-08-13" 0 0 0 1 0 1 1 1 0 1 0 1 0 1 1 1 0 0 1 0 1 1 0 0 0 0 1 0 1 0
156 "2013-08-14" 0 0 0 1 0 0 0 1 0 0 0 0 0 0 0 1 1 0 0 1 1 0 0 0 0 0 0 0 0 0
157 "2013-08-15" 0 0 0 1 0 1 0 1 0 1 0 0 0 0 0 1 0 1 0 0 1 0 1 0 0 0 0 0 0 0
158 "2013-08-16" 0 0 0 1 0 1 0 0 1 0 1 0 0 0 0 1 1 1 0 0 1 1 1 0 0 0 0 0 0 0
159 "2013-08-19" 0 0 1 1 0 0 1 1 0 1 1 0 0 0 0 1 0 0 1 0 1 0 1 0 0 0 0 0 1 0
160 "2013-08-20" 1 0 0 1 0 0 0 0 1 0 0 0 0 1 0 1 1 1 0 0 1 0 0 0 0 0 0 0 1 0
161 "2013-08-21" 1 0 0 1 0 0 0 0 0 0 1 0 0 1 1 1 0 0 0 0 1 0 0 0 0 0 1 0 1 1
162 "2013-08-22" 0 0 0 1 0 0 1 0 0 0 1 1 0 1 0 1 0 0 0 0 1 1 0 0 0 0 0 0 1 0
163 "2013-08-23" 0 0 0 1 0 0 1 0 0 1 1 0 0 1 0 0 1 1 0 0 1 0 0 0 0 0 0 0 1 0
164 "2013-08-26" 0 0 0 1 1 0 1 0 1 0 0 0 1 1 0 0 0 1 0 1 1 0 0 0 0 0 0 0 0 0
165 "2013-08-27" 1 0 0 1 0 1 1 1 0 0 1 1 0 0 0 1 0 0 0 0 0 0 0 0 0 0 0 1 1 0
166 "2013-08-28" 1 0 0 1 0 0 1 1 1 0 1 1 0 0 0 0 0 0 1 0 1 0 0 0 0 0 0 0 0 0
167 "2013-08-29" 1 0 0 1 0 0 1 1 0 0 1 0 0 1 0 0 0 0 0 0 1 0 1 0 0 0 0 1 1 0
168 "2013-08-30" 1 0 0 1 0 0 0 0 1 0 1 0 0 0 0 1 0 0 0 0 1 0 0 0 0 0 0 0 1 0
169 "2013-09-03" 1 0 0 1 1 0 0 1 0 0 1 0 0 0 1 1 0 1 0 0 1 0 0 0 0 0 0 1 1 0
170 "2013-09-04" 1 0 0 1 1 0 0 1 0 0 1 0 0 0 0 1 0 0 0 0 1 1 0 0 1 0 0 1 0 1
171 "2013-09-05" 1 0 0 1 1 0 0 1 0 1 0 1 0 0 1 1 0 0 0 0 1 0 0 0 0 0 1 1 0 0
172 "2013-09-06" 1 0 0 1 1 0 0 1 0 1 0 0 0 1 0 1 0 1 0 1 1 0 0 0 0 0 0 0 0 0
173 "2013-09-09" 1 0 0 1 0 1 0 1 0 1 1 1 0 1 1 1 0 1 1 0 1 1 0 0 0 0 0 0 0 0
174 "2013-09-10" 1 0 0 1 0 1 1 1 0 0 0 1 0 0 1 1 1 0 0 1 1 1 0 0 0 0 0 1 1 0
175 "2013-09-11" 1 0 0 1 1 1 0 1 0 0 1 0 0 1 1 1 0 0 0 0 1 1 0 0 0 0 0 0 1 0
176 "2013-09-12" 1 0 0 1 1 1 1 1 1 1 0 0 0 1 0 0 0 0 1 0 1 1 0 0 0 0 0 1 1 0
177 "2013-09-13" 1 0 0 1 1 0 1 1 0 1 1 0 1 0 1 1 0 0 0 0 0 1 1 0 0 0 0 1 1 0
178 "2013-09-16" 1 0 0 0 1 0 0 1 0 1 0 0 1 0 0 0 0 0 0 0 0 0 0 0 0 0 0 1 1 1
179 "2013-09-17" 0 0 0 1 1 0 0 1 0 0 1 0 0 0 0 1 0 0 1 0 0 1 0 0 0 0 0 1 1 0
180 "2013-09-18" 0 0 0 1 1 0 0 1 0 0 1 1 1 1 0 1 0 0 0 0 1 0 0 0 0 0 0 0 1 0
181 "2013-09-19" 0 0 0 1 1 0 1 1 1 1 0 1 1 0 1 1 0 0 0 0 1 0 0 0 1 0 0 0 1 0
182 "2013-09-20" 0 0 0 1 0 0 0 0 0 0 0 0 1 0 1 0 0 0 0 0 1 1 0 0 0 0 0 1 1 0
183 "2013-09-23" 0 0 0 1 0 1 0 0 0 0 0 0 0 0 0 0 0 0 0 0 1 1 0 0 0 0 0 0 1 1
184 "2013-09-24" 0 0 0 1 0 0 0 1 0 0 0 1 0 0 0 0 0 0 0 0 1 1 0 0 0 0 0 0 1 0
185 "2013-09-25" 0 0 0 1 1 0 0 1 1 1 1 0 1 0 1 1 0 0 0 0 0 0 0 0 0 0 0 0 1 0
186 "2013-09-26" 0 1 1 1 0 0 0 1 1 1 0 0 1 0 0 0 0 0 1 0 1 1 0 0 0 0 0 0 0 0
187 "2013-09-27" 0 0 0 1 0 0 0 1 0 0 0 1 1 0 0 0 0 0 1 0 1 1 0 0 0 0 0 0 0 0
188 "2013-09-30" 0 0 0 1 0 0 0 1 0 0 0 1 1 0 0 0 0 0 0 0 1 1 1 1 0 0 0 0 1 0
189 "2013-10-01" 0 0 1 1 0 1 0 1 0 0 1 1 1 0 0 1 0 0 0 0 1 1 0 0 0 0 0 0 1 0
190 "2013-10-02" 0 0 0 1 1 0 0 0 1 0 1 1 1 1 0 0 0 0 0 0 1 0 0 0 0 0 0 0 0 0
191 "2013-10-03" 0 0 0 1 1 1 0 1 1 0 1 0 0 1 0 1 0 0 0 1 1 1 1 1 0 0 0 0 0 1
192 "2013-10-04" 0 0 0 1 0 1 1 0 1 0 1 0 0 1 1 1 1 1 0 0 1 1 0 0 0 0 0 1 0 0
193 "2013-10-07" 1 0 1 1 0 1 0 0 1 0 0 1 0 0 0 0 0 1 0 0 0 0 0 0 0 0 0 0 0 0
194 "2013-10-08" 1 0 0 1 0 0 1 0 1 1 0 0 1 0 0 0 0 0 0 0 0 0 0 0 0 1 0 0 0 1
195 "2013-10-09" 1 0 0 1 0 1 1 0 1 0 0 1 1 0 0 0 0 1 1 0 0 1 0 1 0 0 0 0 1 0
196 "2013-10-10" 1 0 0 1 1 1 1 0 1 0 1 0 1 0 0 1 1 1 1 0 1 1 1 0 0 1 0 1 1 1
197 "2013-10-11" 1 0 0 1 1 1 1 0 0 0 0 1 1 0 1 1 1 0 1 0 1 1 0 0 0 0 0 0 0 0
198 "2013-10-14" 1 1 1 1 1 1 1 0 1 0 1 1 1 0 1 1 0 0 1 0 1 1 1 1 0 0 0 1 0 0
199 "2013-10-15" 1 0 0 1 1 1 1 1 1 1 0 0 0 0 0 1 1 0 0 0 1 1 0 0 0 0 0 0 1 0
200 "2013-10-16" 1 0 0 1 1 1 1 0 1 1 1 1 1 0 0 1 1 1 1 0 1 1 1 0 0 0 0 0 0 0
201 "2013-10-17" 1 0 1 1 1 1 1 1 1 0 0 0 0 1 0 1 0 1 1 0 0 1 0 0 0 1 0 1 1 0
202 "2013-10-18" 1 0 0 1 1 1 1 1 1 0 1 1 1 0 1 0 0 1 0 0 1 1 1 0 0 0 0 0 1 0
203 "2013-10-21" 1 1 1 1 1 1 0 0 1 1 1 1 1 1 0 1 0 1 0 0 1 1 1 0 0 0 0 1 0 1
204 "2013-10-22" 1 1 1 1 1 1 1 1 1 1 1 0 1 0 1 0 0 1 0 0 0 1 1 0 0 0 0 1 0 0
205 "2013-10-23" 1 0 0 1 1 0 0 1 1 1 0 0 1 0 1 0 0 1 1 0 0 1 0 0 0 0 0 0 0 0
206 "2013-10-24" 1 0 0 1 1 1 1 0 1 1 0 1 0 1 1 0 1 0 0 0 1 1 0 0 0 0 0 1 1 0
207 "2013-10-25" 1 1 1 1 1 1 0 0 1 1 1 1 1 0 0 1 0 0 1 0 1 1 0 0 0 0 0 0 1 0
208 "2013-10-28" 0 0 0 1 1 0 1 1 1 1 0 0 1 1 0 0 1 1 0 1 1 0 0 1 0 0 1 0 1 1
209 "2013-10-29" 0 1 1 1 1 1 1 1 0 1 1 1 1 1 1 1 0 1 0 0 1 1 1 0 1 0 0 1 1 0
210 "2013-10-30" 1 0 1 1 1 0 0 1 1 1 1 1 0 1 1 1 0 1 0 0 1 1 1 1 0 0 0 0 1 0
211 "2013-10-31" 1 0 1 1 1 0 0 0 0 1 1 1 0 0 1 0 0 0 0 1 1 0 0 0 0 0 0 0 0 0
212 "2013-11-01" 1 0 0 1 1 0 0 0 0 0 0 1 1 1 0 0 0 0 0 0 1 0 0 0 0 0 0 0 1 0
213 "2013-11-04" 0 0 0 1 0 0 1 1 1 0 1 0 1 0 1 0 1 0 0 0 1 1 0 0 0 0 0 1 1 0
214 "2013-11-05" 1 1 0 1 1 1 0 1 1 1 0 1 1 1 1 0 0 0 0 0 1 1 1 0 0 1 0 1 1 1
215 "2013-11-06" 1 0 0 1 1 1 0 1 1 1 0 1 1 0 1 0 0 1 0 0 1 0 0 1 1 0 0 1 1 0
216 "2013-11-07" 1 0 1 1 1 0 1 0 1 1 0 1 0 0 1 0 0 1 0 0 1 0 0 0 0 0 0 0 1 0
217 "2013-11-08" 1 0 0 1 1 1 0 1 0 1 1 1 1 0 1 0 1 1 1 0 1 0 0 1 0 0 0 0 1 1
218 "2013-11-11" 1 0 0 1 0 1 0 1 1 1 0 0 0 0 1 1 0 0 0 0 1 0 0 0 0 0 0 0 1 1
219 "2013-11-12" 1 1 0 1 0 0 1 1 1 1 0 1 0 0 1 1 1 0 0 0 1 1 0 1 0 0 0 0 1 0
220 "2013-11-13" 1 0 0 1 1 1 0 1 0 1 0 1 0 0 1 1 1 1 1 1 1 0 0 1 0 1 0 1 1 0
221 "2013-11-14" 1 1 1 1 0 1 0 0 1 1 1 1 1 0 1 0 0 0 0 0 1 1 0 1 1 1 0 0 1 1
222 "2013-11-15" 0 1 0 1 1 0 0 1 1 1 1 1 0 1 1 1 0 1 0 0 1 1 0 0 1 0 0 1 1 1
223 "2013-11-18" 1 1 0 1 1 1 1 1 0 1 1 1 1 1 1 1 1 1 0 0 1 0 0 0 1 0 0 0 1 0
224 "2013-11-19" 1 0 0 0 1 1 1 1 0 0 0 1 1 1 1 1 1 0 0 0 1 0 0 1 0 0 0 0 1 0
225 "2013-11-20" 1 0 0 1 1 0 0 1 0 1 0 0 1 0 1 0 1 0 0 1 0 1 0 0 0 0 0 0 1 1
226 "2013-11-21" 1 0 1 1 0 0 1 0 0 1 0 1 1 0 0 1 0 0 0 1 1 1 1 0 1 1 0 1 1 0
227 "2013-11-22" 1 0 1 1 1 0 0 1 0 1 0 1 1 1 0 1 0 0 1 0 1 0 0 1 1 1 1 1 1 0
228 "2013-11-25" 1 0 0 1 1 0 1 0 1 0 0 0 1 1 0 0 0 0 1 1 1 1 0 0 0 0 1 0 1 1
229 "2013-11-26" 0 1 1 1 1 0 0 0 1 1 0 0 0 1 1 0 0 0 1 1 1 0 0 0 1 0 1 0 1 1
230 "2013-11-27" 0 0 1 1 1 1 1 0 0 0 0 0 1 0 1 0 0 0 0 1 1 0 0 0 0 0 0 1 1 0
231 "2013-11-29" 0 0 0 1 1 1 0 0 1 1 0 0 1 0 0 1 0 0 0 0 1 0 0 0 1 0 0 0 1 0
232 "2013-12-02" 0 1 1 1 0 1 0 0 0 1 0 0 1 1 1 1 0 0 1 1 1 0 0 0 1 0 0 1 1 0
233 "2013-12-03" 1 1 0 1 0 0 0 0 0 1 0 0 1 0 1 0 0 0 0 0 1 1 0 0 1 0 0 1 1 0
234 "2013-12-04" 1 0 0 1 1 0 0 1 0 0 0 0 1 0 0 0 0 1 0 0 1 1 0 0 0 0 0 0 0 0
235 "2013-12-05" 1 0 0 1 0 0 0 0 0 1 0 1 0 0 1 1 0 0 0 0 1 1 0 0 0 1 0 0 0 1
236 "2013-12-06" 0 1 0 1 1 1 0 1 1 1 0 1 0 0 1 1 1 0 1 0 1 0 0 1 0 0 0 1 0 1
237 "2013-12-09" 0 0 0 1 0 1 0 1 0 1 0 1 0 0 0 1 1 1 0 1 1 1 0 0 0 0 0 0 1 0
238 "2013-12-10" 0 0 0 1 0 0 0 0 0 0 0 1 1 1 0 1 1 1 0 0 1 1 0 0 0 0 0 0 0 0
239 "2013-12-11" 1 0 0 1 1 0 1 0 1 1 1 0 0 1 0 0 0 1 0 0 0 1 1 0 0 0 0 1 1 0
240 "2013-12-12" 1 0 0 1 1 0 0 0 0 1 0 1 1 0 1 1 0 0 0 0 1 1 0 0 0 0 0 0 0 0
241 "2013-12-13" 1 0 0 1 1 0 1 0 0 0 0 0 1 0 0 1 1 0 0 0 1 0 0 0 0 0 0 0 1 1
242 "2013-12-16" 1 0 0 1 0 1 0 1 0 1 1 1 1 0 1 1 0 0 0 0 1 1 1 1 0 1 0 1 1 0
243 "2013-12-17" 1 1 0 1 1 0 0 1 1 1 0 0 0 0 1 0 0 0 0 0 1 0 0 0 0 0 0 0 1 0
244 "2013-12-18" 1 1 0 1 1 1 0 1 1 0 0 1 1 0 1 0 1 1 0 0 1 1 0 1 0 0 0 0 1 0
245 "2013-12-19" 1 0 0 1 1 0 0 0 0 1 0 1 1 0 1 1 0 0 1 0 1 1 0 0 1 0 0 1 1 0
246 "2013-12-20" 1 0 0 1 1 1 1 0 1 1 0 0 1 0 1 1 0 0 0 0 1 1 0 0 0 0 0 1 0 0
247 "2013-12-23" 1 1 0 1 1 1 0 1 0 1 0 0 1 0 1 1 0 1 0 0 1 1 0 0 0 1 0 1 1 1
248 "2013-12-24" 1 0 0 1 0 1 0 1 1 1 0 1 1 0 1 1 1 0 0 0 1 1 1 0 0 0 0 1 0 0
249 "2013-12-26" 1 0 1 1 1 1 1 1 1 0 1 1 1 0 1 1 0 1 0 1 1 1 0 0 0 1 0 0 1 0
250 "2013-12-27" 0 0 0 1 0 1 1 1 0 1 1 1 1 0 1 1 1 1 0 0 1 0 0 0 0 0 0 1 1 0
251 "2013-12-30" 0 0 0 1 0 1 1 1 1 1 0 1 0 0 0 1 1 0 0 0 1 1 1 1 0 0 1 0 0 1
252 "2013-12-31" 0 0 1 1 0 1 1 1 1 1 0 1 1 0 1 1 0 1 0 1 1 0 0 0 0 0 0 0 1 0
253 "2014-01-02" 1 0 0 1 1 0 0 0 0 0 1 0 1 0 0 1 0 0 0 0 0 0 0 0 0 0 1 0 1 1
254 "2014-01-03" 0 0 1 1 0 0 1 1 0 1 1 1 0 0 1 1 0 0 0 0 1 0 1 1 0 0 0 0 0 0
255 "2014-01-06" 1 0 0 1 1 0 1 0 0 0 0 0 0 0 0 1 0 0 0 0 1 0 0 0 0 0 1 1 0 0
256 "2014-01-07" 0 1 1 1 0 0 1 1 1 1 0 0 0 0 1 1 0 1 0 1 1 1 1 0 0 1 1 0 1 0
257 "2014-01-08" 0 0 0 1 1 0 1 0 0 1 1 1 1 0 1 0 1 1 0 0 1 0 1 0 0 0 1 0 1 0
258 "2014-01-09" 0 0 0 1 1 1 0 1 0 1 0 1 1 0 0 0 0 0 0 0 1 0 0 0 0 0 0 0 1 0
259 "2014-01-10" 1 0 1 1 1 1 0 0 0 0 0 1 0 0 1 1 0 1 0 0 1 0 0 0 0 0 0 0 0 0
260 "2014-01-13" 1 1 1 1 1 1 0 0 0 1 0 0 0 0 0 1 0 0 0 1 0 0 0 1 0 1 1 0 1 0
261 "2014-01-14" 1 0 1 1 1 1 0 1 1 1 0 0 0 0 0 1 0 0 0 1 1 0 1 1 0 0 0 1 1 0
262 "2014-01-15" 0 0 1 1 0 1 0 1 1 0 1 1 1 0 1 1 1 1 0 1 1 0 1 0 0 0 0 0 0 0
263 "2014-01-16" 0 0 1 1 0 1 1 1 0 0 1 0 1 1 1 0 1 1 0 0 1 0 1 0 0 1 0 0 1 0
264 "2014-01-17" 0 0 1 1 1 0 1 1 0 0 1 1 1 1 1 1 0 0 1 0 1 0 0 0 0 0 0 0 1 0
265 "2014-01-21" 0 1 1 1 1 1 0 1 0 1 0 1 1 0 0 1 1 0 1 1 1 0 1 0 0 0 0 1 1 0
266 "2014-01-22" 0 0 0 1 0 0 0 1 1 1 0 1 0 0 0 1 0 0 0 0 1 0 0 1 1 1 0 1 1 1
267 "2014-01-23" 0 0 1 1 1 1 0 0 0 1 0 1 0 0 1 1 0 0 0 0 1 0 0 0 0 0 0 0 1 0
268 "2014-01-24" 0 0 0 1 1 1 0 1 0 0 0 1 0 0 0 1 0 0 1 1 1 0 1 1 0 0 0 1 1 1
269 "2014-01-27" 1 0 0 1 1 1 1 0 0 1 0 1 1 0 1 0 0 1 0 1 1 0 1 1 0 0 0 0 1 0
270 "2014-01-28" 0 0 0 1 0 1 1 1 0 0 0 1 1 1 0 0 0 0 0 0 1 1 1 0 0 0 0 0 1 0
271 "2014-01-29" 0 0 0 1 1 0 0 1 1 1 1 0 0 0 1 0 0 1 0 0 1 0 0 0 0 0 0 0 0 0
272 "2014-01-30" 0 0 1 1 1 1 0 1 1 1 1 1 0 0 0 1 0 1 0 1 1 1 0 1 0 1 0 0 1 1
273 "2014-01-31" 0 0 1 1 1 1 0 0 0 1 0 1 0 0 0 0 0 1 0 0 1 1 0 0 1 0 0 0 0 0
274 "2014-02-03" 1 0 0 1 1 0 0 1 1 1 0 0 0 0 1 1 0 0 0 0 1 0 1 0 0 0 0 0 1 0
275 "2014-02-04" 1 1 1 1 1 0 0 1 0 1 0 1 1 0 1 0 0 1 0 1 1 1 1 0 0 0 0 0 1 1
276 "2014-02-05" 1 1 0 1 1 0 1 1 1 1 0 1 1 1 0 0 0 0 0 1 1 0 1 1 0 0 0 0 1 1
277 "2014-02-06" 1 0 0 1 1 1 0 1 1 1 1 1 1 1 1 1 0 0 0 1 1 0 0 1 0 0 0 0 1 0
278 "2014-02-07" 1 1 0 1 1 0 1 1 1 1 1 1 1 0 1 1 0 1 1 0 1 1 0 1 1 0 0 1 1 1
279 "2014-02-10" 1 1 1 1 1 1 0 1 1 1 1 1 1 0 0 0 0 0 0 1 0 1 0 1 0 0 0 0 1 1
280 "2014-02-11" 1 1 1 1 1 0 0 1 1 1 1 1 1 0 1 1 0 1 0 1 1 0 1 0 1 0 0 0 1 1
281 "2014-02-12" 1 0 0 1 1 1 1 1 0 1 1 1 1 1 1 0 0 0 1 0 1 0 0 1 0 1 1 1 1 1
282 "2014-02-13" 1 0 0 1 1 0 0 0 1 1 1 1 1 0 1 0 0 0 1 0 1 0 1 0 0 0 0 0 1 0
283 "2014-02-14" 0 0 0 1 1 0 1 1 1 1 1 1 1 0 1 0 1 0 0 0 1 1 1 1 0 0 1 0 1 0
284 "2014-02-18" 0 0 0 1 1 0 1 1 1 1 0 1 1 0 1 0 1 1 1 1 1 1 1 1 1 0 0 0 1 1
285 "2014-02-19" 1 0 0 1 1 1 1 1 1 1 1 1 1 0 0 0 0 0 1 0 1 1 1 1 0 0 0 1 1 0
286 "2014-02-20" 1 0 0 1 1 0 1 1 1 1 1 0 1 0 1 0 0 0 1 1 1 1 0 0 0 0 0 1 1 0
287 "2014-02-21" 1 0 0 1 0 1 1 0 1 1 1 1 1 1 0 1 0 0 0 1 1 1 1 0 0 0 0 1 1 0
288 "2014-02-24" 1 0 0 1 1 1 0 0 1 1 1 1 1 1 0 0 0 0 0 1 1 1 1 0 0 0 1 1 1 1
289 "2014-02-25" 1 0 0 1 0 0 0 1 1 1 0 1 1 1 0 0 0 0 1 1 0 1 0 0 0 0 1 1 1 1
290 "2014-02-26" 0 0 0 0 0 1 1 1 1 1 0 1 1 1 0 1 1 0 0 1 1 1 0 0 0 1 0 0 1 1
291 "2014-02-27" 1 0 0 1 1 0 0 1 1 0 1 1 1 0 1 0 0 0 1 0 1 1 1 0 0 0 0 1 1 1
292 "2014-02-28" 1 0 0 1 1 0 1 1 1 1 1 1 0 1 1 0 0 0 0 1 1 1 1 0 0 0 1 1 1 0
293 "2014-03-03" 1 0 1 1 0 1 1 1 1 1 0 0 1 1 0 0 0 0 0 0 1 1 1 0 0 0 0 0 0 0
294 "2014-03-04" 1 0 1 1 1 0 0 0 1 1 0 1 1 1 1 0 1 1 0 0 1 1 1 1 0 0 1 1 1 1
295 "2014-03-05" 1 0 0 1 0 1 0 1 1 1 0 1 1 1 1 1 1 1 0 0 1 1 1 0 0 1 0 0 1 1
296 "2014-03-06" 0 0 1 1 1 1 1 1 0 1 0 1 0 0 1 1 0 1 0 1 1 1 1 0 0 0 1 0 1 1
297 "2014-03-07" 0 0 1 1 0 0 1 1 0 1 1 1 1 0 0 1 1 1 0 0 1 1 0 0 0 0 0 1 1 0
298 "2014-03-10" 0 0 0 1 0 1 1 0 0 1 1 0 0 1 1 1 1 0 1 1 1 1 0 0 0 0 0 0 1 1
299 "2014-03-11" 0 1 1 1 0 1 1 0 1 1 0 1 0 1 1 0 0 1 1 0 1 1 1 1 0 0 0 0 1 1
300 "2014-03-12" 0 0 1 1 1 0 1 1 1 1 0 1 1 0 1 0 1 0 1 0 1 1 0 1 0 0 1 1 1 1
301 "2014-03-13" 1 0 1 1 0 0 1 1 1 1 0 1 0 1 0 0 1 0 0 1 1 1 0 1 0 0 0 0 0 1
302 "2014-03-14" 1 0 0 1 1 0 0 1 0 1 0 1 0 0 0 0 1 0 1 1 1 1 1 0 0 0 0 0 0 0
303 "2014-03-17" 1 0 1 1 0 0 0 1 0 1 0 1 0 0 0 0 0 0 1 0 1 1 0 1 0 0 0 0 1 0
304 "2014-03-18" 0 0 1 1 1 0 1 1 0 1 0 0 0 0 1 1 0 1 0 0 1 1 0 1 0 0 0 1 1 0
305 "2014-03-19" 1 0 0 1 0 0 1 1 1 1 0 0 1 0 0 1 0 1 0 0 1 1 0 0 1 0 1 0 1 1
306 "2014-03-20" 1 0 0 0 0 0 1 1 1 1 0 0 1 1 1 1 0 1 0 0 1 1 0 0 0 0 1 1 1 0
307 "2014-03-21" 0 1 1 1 0 0 1 1 1 0 1 1 0 1 0 1 0 1 0 0 1 0 0 1 1 1 1 0 1 1
308 "2014-03-24" 0 0 0 1 1 1 1 1 0 1 0 1 1 0 1 1 0 1 1 0 1 1 0 0 0 0 1 0 1 0
309 "2014-03-25" 0 0 1 1 1 1 1 1 0 1 1 0 0 0 1 1 1 0 0 1 1 1 0 0 1 0 0 0 0 0
310 "2014-03-26" 1 0 0 1 0 0 1 1 1 1 1 1 0 0 0 1 1 0 0 1 1 0 0 1 0 0 0 1 0 0
311 "2014-03-27" 1 0 1 1 1 0 0 0 0 1 1 1 0 0 0 0 0 0 0 0 0 1 0 1 0 0 0 0 0 0
312 "2014-03-28" 1 0 1 1 1 1 1 1 1 0 1 1 0 0 1 0 0 0 0 0 1 0 0 1 0 0 0 0 1 0
313 "2014-03-31" 1 0 0 1 0 1 1 0 1 1 0 0 1 0 1 1 0 1 0 1 1 1 1 0 0 0 0 1 1 0
314 "2014-04-01" 0 0 1 1 1 1 1 1 0 1 1 0 1 0 0 0 0 0 0 0 1 0 0 0 0 0 0 0 1 1
315 "2014-04-02" 0 0 0 1 0 1 1 1 1 1 1 0 1 1 0 1 0 0 0 0 1 1 1 1 0 0 0 1 1 0
316 "2014-04-03" 0 0 1 1 0 0 1 0 1 1 0 1 0 0 0 1 1 0 1 0 0 1 1 0 0 0 0 1 1 0
317 "2014-04-04" 1 0 0 1 0 0 1 1 1 1 1 1 0 0 0 1 1 0 0 1 1 0 0 0 0 0 1 1 1 0
318 "2014-04-07" 0 0 1 1 0 1 1 1 0 1 0 0 1 1 1 1 1 0 1 1 1 1 1 0 0 1 1 0 1 1
319 "2014-04-08" 0 0 0 1 1 1 1 1 1 1 1 0 0 0 1 1 0 0 1 1 1 1 1 0 0 0 0 1 1 1
320 "2014-04-09" 0 0 0 1 0 1 1 1 0 1 0 0 1 0 1 0 0 0 0 0 1 1 1 0 0 0 0 1 1 1
321 "2014-04-10" 1 0 1 1 1 0 1 0 1 1 1 0 0 1 1 1 0 0 1 1 0 1 0 0 1 0 0 0 1 0
322 "2014-04-11" 1 0 0 0 0 0 1 1 0 1 0 1 0 0 0 1 0 1 1 1 0 0 1 0 0 0 0 0 1 0
323 "2014-04-14" 1 1 1 1 1 1 0 0 1 1 1 0 0 1 0 1 1 0 0 0 1 0 0 0 0 0 0 0 1 0
324 "2014-04-15" 1 0 0 1 0 1 1 1 1 1 1 1 0 1 0 0 1 0 1 1 1 1 0 0 0 0 0 1 1 1
325 "2014-04-16" 1 0 1 0 1 0 0 1 0 1 1 1 1 1 0 1 1 1 0 1 1 0 1 1 0 0 0 1 1 1
326 "2014-04-17" 1 0 1 1 1 0 1 1 1 1 1 1 1 1 0 1 1 1 0 0 0 1 0 0 0 0 1 0 1 1
327 "2014-04-21" 1 0 1 1 1 1 0 1 0 1 0 1 1 1 1 1 1 0 1 1 1 0 1 0 0 0 1 0 1 1
328 "2014-04-22" 0 0 1 1 0 0 0 1 1 1 0 0 1 1 0 1 0 1 1 0 1 0 1 0 1 0 0 1 1 0
329 "2014-04-23" 0 0 0 1 1 0 0 1 0 0 0 0 1 1 0 1 1 0 0 0 1 0 0 0 1 1 0 1 1 0
330 "2014-04-24" 1 0 0 1 1 1 1 1 0 1 0 1 1 1 0 0 0 1 1 0 1 1 0 0 0 0 0 1 1 0
331 "2014-04-25" 1 0 0 1 1 1 1 1 0 0 1 1 0 1 1 0 0 0 1 0 1 1 1 1 0 1 0 0 1 1
332 "2014-04-28" 1 0 0 1 0 1 1 1 0 1 1 1 0 1 0 0 1 0 0 1 1 1 1 0 0 1 0 1 0 1
333 "2014-04-29" 0 0 0 1 0 0 0 1 1 0 1 0 0 1 0 1 0 0 1 1 1 0 1 0 0 0 1 1 1 1
334 "2014-04-30" 0 1 1 1 1 1 0 1 1 1 1 1 1 0 1 0 1 0 0 1 1 1 0 0 0 0 0 1 1 0
335 "2014-05-01" 0 1 0 1 1 0 0 1 1 1 1 1 0 0 0 0 0 0 0 1 1 0 1 0 0 0 0 1 0 1
336 "2014-05-02" 1 0 0 1 1 0 1 0 1 1 0 1 0 1 0 1 1 0 0 0 1 1 1 0 0 0 0 1 0 0
337 "2014-05-05" 1 0 0 1 1 0 0 0 1 1 0 1 0 1 0 1 1 0 0 1 0 1 1 0 0 0 0 0 1 0
338 "2014-05-06" 1 0 0 1 1 0 0 1 1 1 1 0 0 1 0 0 0 0 0 1 1 1 1 0 0 0 0 1 0 0
339 "2014-05-07" 1 0 1 1 0 1 1 1 1 1 0 0 0 1 0 0 1 0 0 0 1 1 1 1 0 0 1 0 1 1
340 "2014-05-08" 1 0 1 1 1 1 1 1 1 1 0 1 0 0 0 0 0 0 0 0 1 0 1 0 0 0 1 0 1 0
341 "2014-05-09" 1 0 1 1 0 0 1 1 0 1 0 1 1 1 0 0 0 0 0 1 1 1 1 1 0 0 0 0 0 0
342 "2014-05-12" 0 0 0 1 1 0 0 1 0 0 1 0 0 0 0 1 0 1 1 1 1 1 1 0 1 0 0 1 1 1
343 "2014-05-13" 0 0 1 1 1 1 0 1 0 1 0 1 1 1 0 1 0 0 0 0 1 0 1 0 0 0 0 1 1 1
344 "2014-05-14" 0 0 0 1 1 1 0 1 1 1 0 1 1 0 0 1 0 0 1 0 0 1 0 0 0 0 0 0 1 1
345 "2014-05-15" 0 0 0 1 0 0 0 0 1 0 0 1 0 0 1 0 0 0 0 1 1 0 1 0 0 1 0 1 0 0
346 "2014-05-16" 1 0 1 1 0 0 0 1 0 1 0 0 0 1 1 0 0 0 0 0 1 0 1 0 0 0 1 1 0 0
347 "2014-05-19" 1 0 0 1 1 1 0 0 0 1 0 0 0 1 1 1 0 0 1 0 1 0 1 0 0 0 0 1 0 0
348 "2014-05-20" 1 0 1 1 0 0 0 0 0 1 1 0 0 1 0 0 0 1 1 0 1 1 1 0 0 0 0 0 0 0
349 "2014-05-21" 1 0 0 1 1 0 0 1 1 1 0 1 1 1 1 0 1 1 0 0 1 0 1 0 0 0 0 1 0 1
350 "2014-05-22" 1 0 0 1 1 0 1 0 0 1 1 1 1 0 0 0 0 1 1 0 1 1 1 0 0 0 0 1 0 0
351 "2014-05-23" 1 0 0 1 1 1 0 0 1 1 0 1 1 1 1 1 1 1 0 0 0 1 1 0 0 0 0 1 1 0
352 "2014-05-27" 1 0 1 1 0 0 0 1 1 1 0 0 0 1 1 1 1 0 0 0 1 1 1 0 0 0 1 1 1 1
353 "2014-05-28" 1 0 0 1 1 1 0 1 0 1 0 1 1 1 0 1 1 1 1 0 1 0 1 0 0 0 0 0 1 1
354 "2014-05-29" 1 0 0 1 0 0 0 1 0 1 0 1 1 0 0 0 0 1 0 0 1 1 1 0 0 0 0 0 1 0
355 "2014-05-30" 1 0 0 1 1 0 1 1 0 1 0 0 0 0 1 1 0 0 0 1 1 0 0 0 0 0 0 1 1 1
356 "2014-06-02" 1 0 0 1 0 0 0 0 0 1 0 0 1 0 1 1 1 0 1 1 1 0 1 0 0 0 1 1 1 0
357 "2014-06-03" 1 0 0 1 1 0 0 1 0 1 1 0 1 0 0 0 1 0 0 0 1 1 1 0 0 0 0 0 0 1
358 "2014-06-04" 1 0 1 1 0 0 0 0 1 0 1 0 1 0 1 0 0 0 1 0 1 1 0 0 0 0 0 0 1 1
359 "2014-06-05" 1 0 0 1 1 1 1 1 1 1 0 1 1 1 1 1 1 0 1 0 1 1 1 0 0 0 0 0 0 1
360 "2014-06-06" 0 0 1 1 1 0 0 0 0 1 0 1 1 0 0 1 1 0 0 0 1 1 0 1 0 0 0 0 0 0
361 "2014-06-09" 0 0 0 1 1 0 0 0 1 1 0 1 0 0 0 0 0 0 0 1 1 0 1 0 0 0 0 0 1 1
362 "2014-06-10" 0 0 0 1 0 0 0 1 0 1 0 1 1 0 0 1 1 0 0 0 1 1 1 0 0 0 0 0 0 0
363 "2014-06-11" 0 1 0 1 1 0 1 0 0 0 0 1 0 0 0 1 1 1 0 0 0 1 1 0 0 0 0 1 1 0
364 "2014-06-12" 1 0 1 1 1 0 0 0 1 1 1 0 1 0 0 1 0 0 0 0 1 1 1 0 0 0 0 0 0 0
365 "2014-06-13" 1 0 0 1 0 0 1 0 1 1 0 1 0 0 0 1 0 0 1 0 1 1 0 0 0 0 0 0 0 0
366 "2014-06-16" 1 0 0 1 0 1 1 0 1 0 0 1 1 1 1 1 1 1 0 0 1 0 1 1 0 0 0 0 1 0
367 "2014-06-17" 1 0 1 1 0 1 0 1 0 1 0 0 1 0 0 1 1 0 0 0 1 0 0 0 0 0 1 0 0 1
368 "2014-06-18" 1 0 0 1 1 1 0 1 1 1 0 0 1 1 1 0 1 0 0 1 1 1 1 1 0 0 0 0 1 0
369 "2014-06-19" 0 0 1 1 1 0 1 1 1 0 0 1 1 0 1 1 1 1 0 1 1 0 1 1 0 0 0 0 1 1
370 "2014-06-20" 0 0 0 1 1 0 0 1 1 1 0 1 1 0 1 1 0 1 0 0 1 0 1 1 0 0 0 1 1 0
371 "2014-06-23" 0 0 0 1 1 0 0 1 1 0 1 1 1 0 1 0 0 1 0 0 1 1 1 1 0 0 0 0 0 1
372 "2014-06-24" 1 0 0 1 0 0 1 1 1 1 0 0 0 0 0 1 0 1 0 0 0 1 1 0 0 0 0 0 0 0
373 "2014-06-25" 0 0 0 1 1 0 0 1 1 1 1 0 0 1 0 1 1 0 0 1 1 1 1 1 0 0 0 0 1 0
374 "2014-06-26" 1 0 0 1 1 1 1 1 1 1 0 1 0 1 0 0 1 1 0 1 1 1 1 0 0 0 0 0 0 1
375 "2014-06-27" 1 0 1 1 1 1 0 0 1 1 1 0 1 1 0 1 0 0 0 0 1 1 1 0 0 0 0 1 0 0
376 "2014-06-30" 1 0 0 1 1 1 1 1 1 1 0 1 1 1 0 1 0 1 0 0 1 1 0 0 0 0 0 1 1 0
377 "2014-07-01" 1 0 0 1 1 1 1 1 1 1 0 1 1 0 1 0 1 1 0 0 1 1 1 0 0 0 0 0 1 0
378 "2014-07-02" 0 1 0 1 1 1 0 1 1 1 1 1 1 1 1 1 0 1 0 0 1 1 1 1 0 0 0 1 1 0
379 "2014-07-03" 0 0 1 1 1 1 0 1 0 1 1 1 1 0 0 0 1 0 1 0 1 1 0 0 0 0 0 1 1 0
380 "2014-07-07" 0 0 1 1 1 1 0 1 0 0 0 0 0 0 1 0 0 1 0 1 1 1 1 1 0 0 0 1 1 1
381 "2014-07-08" 1 0 1 1 1 0 1 1 1 0 0 0 1 1 1 1 0 0 0 0 1 1 0 1 0 0 0 1 1 1
382 "2014-07-09" 1 0 0 1 1 1 0 1 1 1 1 0 1 0 1 1 0 0 0 0 0 1 1 1 0 0 0 1 0 1
383 "2014-07-10" 1 0 1 1 1 0 1 1 1 1 0 0 0 0 1 1 0 0 0 0 1 1 0 1 0 0 1 1 1 1
384 "2014-07-11" 1 0 0 1 1 0 0 1 0 1 0 1 1 1 0 1 0 0 0 0 1 0 0 1 0 1 0 1 1 0
385 "2014-07-14" 0 0 1 1 1 0 0 1 0 1 1 1 1 0 1 1 1 0 0 0 1 1 0 1 0 1 1 0 1 1
386 "2014-07-15" 1 1 0 1 0 0 1 0 0 1 0 1 1 0 1 1 1 1 0 1 1 0 0 0 0 1 0 1 1 0
387 "2014-07-16" 0 1 0 1 1 0 0 0 0 1 1 1 1 0 1 1 1 1 1 0 1 1 1 1 0 0 0 1 1 0
388 "2014-07-17" 1 0 0 1 1 1 1 1 1 1 0 1 0 0 1 0 0 0 0 0 0 1 1 0 0 0 0 1 1 1
389 "2014-07-18" 0 0 0 1 1 0 0 0 1 1 0 1 1 0 1 1 1 1 0 0 1 1 1 1 0 0 0 0 1 1
390 "2014-07-21" 1 0 0 1 1 0 0 1 1 1 1 1 1 0 0 1 1 0 0 0 1 0 1 0 0 0 0 1 1 0
391 "2014-07-22" 0 0 1 1 1 0 1 1 1 1 0 1 1 1 1 1 1 0 0 0 0 0 0 0 0 0 0 1 0 1
392 "2014-07-23" 0 0 1 1 1 1 1 1 1 1 1 1 1 0 0 0 0 1 1 0 1 1 1 1 0 0 0 0 1 0
393 "2014-07-24" 0 0 0 1 1 0 1 1 0 1 1 1 1 0 1 0 0 1 1 0 1 1 0 0 0 0 0 0 1 0
394 "2014-07-25" 0 1 0 1 0 0 0 1 0 1 1 0 0 0 0 1 1 0 1 1 1 1 0 1 0 0 0 1 1 0
395 "2014-07-28" 0 0 1 1 1 0 0 1 0 1 0 1 0 0 1 1 1 1 1 0 1 0 1 0 0 0 0 0 0 0
396 "2014-07-29" 0 1 1 1 1 1 0 1 0 1 1 1 0 1 1 0 0 0 1 0 0 1 1 1 0 1 0 1 0 1
397 "2014-07-30" 0 0 1 1 0 0 0 1 1 1 0 1 0 1 0 1 0 1 1 0 1 1 1 0 0 0 0 0 1 0
398 "2014-07-31" 0 0 1 1 1 0 0 0 0 1 1 1 1 0 0 1 0 0 0 0 1 1 0 0 0 1 0 0 0 0
399 "2014-08-01" 0 0 0 1 0 0 1 0 1 1 1 1 0 0 0 0 0 0 0 0 1 1 0 1 0 1 0 0 0 1
400 "2014-08-04" 0 0 1 1 1 1 0 0 0 1 0 0 0 0 1 0 1 1 1 0 1 0 1 1 0 0 0 1 0 0
401 "2014-08-05" 1 0 1 1 1 1 1 1 1 1 0 0 0 0 0 1 0 0 0 1 1 0 1 0 0 1 0 0 0 0
402 "2014-08-06" 1 0 0 1 0 0 1 1 1 1 1 1 1 0 0 1 0 1 0 0 1 0 1 1 0 1 0 1 0 1
403 "2014-08-07" 1 0 1 1 1 1 1 1 0 1 0 1 0 0 0 1 1 1 0 1 1 0 0 1 0 1 0 1 0 0
404 "2014-08-08" 1 0 1 1 1 1 1 1 1 1 1 1 1 1 0 1 0 1 0 0 1 1 0 0 0 1 0 0 0 0
405 "2014-08-11" 1 0 1 1 1 0 0 0 1 1 0 1 1 0 0 1 0 0 0 1 0 0 1 1 0 1 0 0 0 1
406 "2014-08-12" 1 1 0 1 1 0 0 0 0 1 0 1 0 0 1 0 0 1 0 0 1 0 1 1 0 1 0 1 0 0
407 "2014-08-13" 1 0 1 1 1 0 0 0 0 1 0 0 1 0 0 1 0 0 1 1 1 1 1 0 0 1 0 1 1 1
408 "2014-08-14" 1 0 1 1 1 0 0 0 1 1 0 1 1 0 1 0 1 0 1 0 1 0 0 0 0 0 0 1 0 0
409 "2014-08-15" 1 0 0 1 1 0 0 0 1 1 0 0 0 1 0 1 0 0 1 0 1 0 1 0 0 1 0 1 0 0
410 "2014-08-18" 1 0 0 1 1 0 1 0 1 1 1 1 1 0 1 1 0 0 1 1 1 1 1 1 0 1 0 1 0 0
411 "2014-08-19" 1 0 1 1 1 0 0 1 1 1 1 0 0 1 1 1 0 1 0 0 1 1 0 1 1 0 0 1 1 0
412 "2014-08-20" 1 0 1 1 1 0 0 1 1 1 0 1 0 1 1 1 0 1 0 1 0 0 0 0 0 0 0 1 0 0
413 "2014-08-21" 1 0 1 1 1 1 0 0 1 1 1 1 1 1 1 1 0 1 1 0 0 1 0 0 0 0 0 1 1 1
414 "2014-08-22" 1 0 0 1 1 0 1 1 0 1 0 0 1 0 1 1 0 1 1 0 1 1 1 0 0 0 0 1 1 1
415 "2014-08-25" 1 0 1 1 1 1 1 0 0 1 0 1 1 0 0 0 0 1 1 1 1 1 1 0 0 0 0 1 1 1
416 "2014-08-26" 0 0 1 1 1 0 0 0 0 1 1 0 1 0 0 0 0 0 1 1 1 1 0 0 0 0 0 1 1 0
417 "2014-08-27" 0 0 1 1 1 1 0 0 1 1 1 0 1 0 1 1 0 0 1 0 0 0 1 0 0 0 1 1 1 0
418 "2014-08-28" 0 0 0 1 1 0 1 1 1 0 1 1 1 0 1 1 0 0 1 0 0 0 0 0 0 0 1 1 1 0
419 "2014-08-29" 0 0 0 1 1 0 1 1 0 1 1 1 0 0 1 0 0 1 1 1 1 1 1 0 0 0 1 1 0 1
420 "2014-09-02" 1 0 1 1 1 0 1 1 0 1 0 0 1 0 1 1 0 1 1 0 1 0 0 0 0 0 0 1 1 0
421 "2014-09-03" 1 0 0 1 1 0 0 1 0 1 0 0 1 0 1 1 0 1 1 1 1 0 0 0 0 0 0 0 1 1
422 "2014-09-04" 0 0 1 1 1 0 0 1 1 1 1 1 0 0 0 1 0 1 1 0 1 1 0 1 0 0 1 1 0 1
423 "2014-09-05" 0 0 0 1 1 0 0 1 0 0 0 0 0 1 0 1 1 1 1 1 1 1 1 0 0 1 0 1 0 1
424 "2014-09-08" 0 0 1 1 1 0 0 0 1 0 1 1 0 0 1 1 0 0 1 0 1 1 0 0 0 0 0 1 0 0
425 "2014-09-09" 0 1 0 1 1 0 1 1 1 1 0 1 1 0 0 1 0 0 0 1 1 1 0 1 0 0 0 1 0 1
426 "2014-09-10" 0 0 0 1 0 0 1 1 1 1 0 1 1 1 1 0 1 1 1 0 1 1 0 0 0 0 0 1 1 0
427 "2014-09-11" 1 0 0 1 1 0 1 1 1 0 0 1 0 0 0 1 1 1 1 1 1 0 0 0 0 0 0 1 1 0
428 "2014-09-12" 1 0 1 1 1 0 1 1 0 1 0 0 1 0 1 0 1 0 1 0 1 0 0 0 0 0 0 1 0 1
429 "2014-09-15" 1 1 0 1 1 0 1 1 1 0 1 1 1 1 1 0 0 1 1 0 1 0 1 0 1 0 0 0 1 1
430 "2014-09-16" 1 0 1 1 1 1 0 1 1 1 1 1 0 1 1 1 1 0 1 0 1 1 1 0 0 0 0 0 1 1
431 "2014-09-17" 1 0 0 1 1 0 0 1 0 1 0 1 1 1 1 0 1 1 1 0 1 1 0 0 0 0 0 1 0 0
432 "2014-09-18" 0 1 1 1 1 1 0 1 1 1 1 1 1 1 1 1 1 1 1 0 1 0 0 0 0 0 1 1 1 1
433 "2014-09-19" 0 1 0 1 1 0 1 1 1 1 0 1 0 1 1 1 1 1 1 0 1 1 0 0 0 0 0 1 1 1
434 "2014-09-22" 0 0 1 1 0 0 0 1 1 1 0 1 0 0 1 0 1 0 0 1 1 0 1 0 0 1 0 1 1 0
435 "2014-09-23" 1 0 0 1 1 1 1 1 1 1 1 0 1 0 1 0 0 0 1 0 0 0 1 0 0 1 0 1 0 1
436 "2014-09-24" 0 0 0 1 1 0 0 0 1 1 0 1 1 1 0 1 0 1 1 0 0 1 0 0 0 0 0 1 0 1
437 "2014-09-25" 1 0 0 1 1 1 1 0 0 1 1 0 1 1 1 0 1 1 1 0 0 1 0 0 0 0 0 0 1 1
438 "2014-09-26" 0 0 0 1 1 0 0 0 0 1 0 0 0 0 0 0 0 1 0 0 0 1 0 0 0 0 0 0 0 0
439 "2014-09-29" 0 0 0 1 1 0 0 0 1 1 1 0 1 0 0 1 0 0 1 0 1 1 0 0 0 0 0 0 0 1
440 "2014-09-30" 0 0 1 1 1 0 0 1 1 1 0 0 0 1 1 1 1 0 1 1 1 1 0 0 0 0 0 1 1 0
441 "2014-10-01" 1 0 1 1 0 0 0 1 1 0 0 0 1 0 1 1 1 0 0 0 1 1 0 0 0 0 0 1 0 0
442 "2014-10-02" 0 0 0 1 0 0 1 1 1 1 1 0 0 0 1 0 1 0 0 1 1 1 0 0 0 0 0 0 0 1
443 "2014-10-03" 0 0 0 1 0 0 1 0 0 1 0 0 1 0 1 1 0 0 0 1 1 1 0 1 0 0 0 0 0 0
444 "2014-10-06" 0 0 1 1 1 0 1 1 1 1 0 0 0 1 1 1 1 0 0 0 1 1 1 0 0 0 0 0 0 0
445 "2014-10-07" 0 0 0 1 0 0 1 1 0 1 1 1 1 0 0 0 0 1 1 0 1 1 0 0 0 0 0 1 0 1
446 "2014-10-08" 0 0 0 1 0 1 0 0 0 1 0 0 1 0 1 0 1 0 0 0 1 0 0 0 0 0 0 1 0 1
447 "2014-10-09" 0 1 0 1 1 0 0 1 1 1 0 0 1 1 1 0 0 1 1 0 0 1 0 0 0 0 1 0 0 1
448 "2014-10-10" 0 0 0 1 0 0 1 1 0 1 1 0 0 0 0 0 0 1 0 0 0 1 0 1 0 1 0 1 0 0
449 "2014-10-13" 0 0 0 1 1 0 1 0 0 0 0 0 0 0 0 1 1 1 0 0 1 1 0 0 0 0 0 1 0 1
450 "2014-10-14" 1 0 1 1 0 0 0 0 0 1 0 0 0 0 1 1 0 1 1 0 0 0 0 0 0 0 0 0 0 0
451 "2014-10-15" 1 0 1 1 1 0 1 0 0 0 0 0 0 1 1 1 1 0 1 0 0 1 0 0 0 0 0 0 0 1
452 "2014-10-16" 1 0 1 1 1 0 1 0 0 1 0 1 1 0 1 1 1 0 1 0 0 0 0 1 0 0 1 0 0 1
453 "2014-10-17" 1 1 1 1 1 1 0 0 0 1 0 1 1 0 1 1 1 0 1 0 0 1 0 0 0 0 0 1 0 1
454 "2014-10-20" 1 0 0 1 1 0 0 1 1 1 0 0 0 0 0 1 0 0 0 0 1 0 0 0 0 1 0 0 0 0
455 "2014-10-21" 1 0 1 1 1 1 1 1 0 1 0 0 1 0 1 1 0 0 0 0 1 1 0 1 0 1 0 0 1 1
456 "2014-10-22" 1 0 1 1 1 0 1 1 1 1 1 0 0 1 1 0 1 0 0 0 0 1 0 1 0 0 0 1 0 0
457 "2014-10-23" 1 1 1 1 1 1 1 0 1 1 1 1 0 0 1 0 0 0 0 0 1 0 1 0 0 0 0 0 1 0
458 "2014-10-24" 1 1 0 1 1 0 0 0 1 1 1 0 0 0 1 0 0 0 0 0 1 0 1 1 0 0 0 0 0 0
459 "2014-10-27" 1 0 1 1 1 0 0 0 0 1 0 0 1 0 1 0 0 0 1 0 1 1 0 0 0 0 0 1 1 0
460 "2014-10-28" 1 1 1 1 1 1 0 0 1 1 0 0 1 0 1 0 0 0 0 0 1 1 1 0 0 1 0 0 0 0
461 "2014-10-29" 1 0 0 1 1 1 1 0 0 1 0 0 0 1 1 0 0 1 0 0 1 0 1 0 0 0 0 1 1 0
462 "2014-10-30" 1 0 1 1 1 0 0 1 1 1 1 0 0 1 1 1 1 1 0 0 1 1 0 0 0 0 0 1 1 0
463 "2014-10-31" 1 0 1 1 1 1 1 1 1 1 1 1 1 1 1 1 1 0 0 0 1 1 0 0 0 0 0 1 1 0
464 "2014-11-03" 1 1 0 1 1 1 0 0 1 1 0 0 1 0 1 0 1 1 0 0 1 0 0 0 1 1 0 0 0 1
465 "2014-11-04" 1 0 1 1 1 0 0 0 1 1 1 1 0 0 0 1 0 0 0 0 1 1 0 0 0 0 0 0 1 1
466 "2014-11-05" 1 0 0 1 0 1 0 1 1 1 1 0 0 0 1 0 1 0 0 0 1 1 0 0 0 0 0 1 1 0
467 "2014-11-06" 1 0 0 1 1 1 0 1 1 1 1 1 1 1 0 1 0 0 0 0 1 0 1 0 0 1 0 0 0 0
468 "2014-11-07" 1 0 1 1 1 1 0 1 0 1 0 1 1 0 1 0 0 1 0 0 1 1 0 0 0 0 0 0 1 1
469 "2014-11-10" 1 0 1 1 1 0 1 1 0 1 1 1 0 0 1 1 0 0 1 0 1 1 0 0 1 0 0 0 1 1
470 "2014-11-11" 1 0 0 1 1 0 1 1 1 1 0 1 1 0 1 0 1 0 0 1 1 1 1 0 0 0 0 1 1 1
471 "2014-11-12" 1 0 0 1 0 0 0 1 0 1 0 1 1 1 1 1 0 0 1 0 0 1 1 0 0 0 0 1 1 1
472 "2014-11-13" 1 0 1 1 1 0 0 1 1 1 0 1 1 0 1 1 1 0 1 1 1 0 0 0 0 0 0 1 0 1
473 "2014-11-14" 1 0 1 1 1 0 0 0 1 1 1 1 0 1 0 1 0 0 0 0 1 0 0 0 0 0 0 1 1 1
474 "2014-11-17" 1 1 0 1 0 0 0 1 1 1 1 1 1 0 1 1 1 0 0 0 1 0 1 0 0 0 0 1 0 1
475 "2014-11-18" 1 0 0 1 1 0 0 1 1 1 1 1 0 1 1 1 0 0 0 0 1 1 1 0 0 0 1 1 1 1
476 "2014-11-19" 1 1 1 1 1 0 1 1 1 1 1 0 1 0 1 1 0 0 1 0 1 1 0 1 0 0 0 1 0 1
477 "2014-11-20" 1 0 0 1 1 1 1 1 1 1 1 0 0 0 0 1 0 0 1 0 1 1 1 0 0 0 0 1 1 1
478 "2014-11-21" 1 0 0 1 1 1 1 1 0 1 1 0 1 1 1 1 0 0 0 1 0 1 0 0 0 1 0 1 0 1
479 "2014-11-24" 1 0 0 1 1 1 1 1 1 1 1 0 0 0 1 1 0 0 1 1 1 1 0 0 0 1 0 1 1 0
480 "2014-11-25" 0 1 0 1 1 0 0 1 0 1 0 0 1 1 1 1 0 1 1 1 0 0 0 0 0 1 0 1 1 1
481 "2014-11-26" 1 0 0 1 0 0 0 0 0 1 0 0 0 1 0 1 0 0 1 1 1 1 0 0 0 1 0 1 1 1
482 "2014-11-28" 1 0 1 1 1 0 0 1 0 1 0 1 0 0 1 1 1 0 1 0 1 1 1 1 0 0 0 0 1 1
483 "2014-12-01" 1 0 0 1 0 0 1 0 0 1 1 1 1 1 1 1 1 0 0 0 1 0 0 1 0 0 0 1 1 1
484 "2014-12-02" 1 0 1 1 0 0 1 1 0 1 1 1 1 1 1 1 0 0 0 0 1 0 1 0 0 1 0 1 1 0
485 "2014-12-03" 0 0 0 1 0 1 1 1 0 1 1 1 1 1 1 1 1 1 1 0 1 1 1 0 0 0 0 1 1 1
486 "2014-12-04" 0 0 0 1 0 0 0 1 0 1 1 0 1 1 1 1 1 1 0 1 1 1 0 1 0 1 1 0 1 0
487 "2014-12-05" 0 0 1 1 0 0 0 0 1 1 1 0 1 1 1 1 1 1 0 1 1 0 0 1 0 1 0 1 1 0
488 "2014-12-08" 0 0 1 1 0 1 0 1 0 1 0 0 1 1 1 1 1 0 0 1 1 1 1 0 0 1 0 1 0 0
489 "2014-12-09" 0 0 1 1 1 0 1 1 0 1 1 0 1 1 1 1 1 1 0 0 1 1 0 0 0 1 0 1 0 1
490 "2014-12-10" 0 0 0 1 0 0 1 0 1 1 0 1 0 1 1 1 1 0 0 0 1 1 0 0 0 1 0 1 0 0
491 "2014-12-11" 0 0 1 1 0 0 0 0 1 1 0 1 1 1 1 1 0 0 0 0 1 0 1 0 0 1 0 1 1 1
492 "2014-12-12" 1 0 0 1 1 0 0 0 0 1 0 0 1 1 1 1 0 0 0 0 1 0 1 0 0 0 0 1 0 0
493 "2014-12-15" 1 0 0 1 1 0 0 0 0 1 1 0 1 1 0 1 1 1 0 0 1 1 0 0 0 0 0 1 0 0
494 "2014-12-16" 1 0 0 1 1 1 0 0 0 1 0 0 1 1 0 1 1 1 0 0 1 1 0 0 0 1 0 1 0 0
495 "2014-12-17" 1 0 0 1 1 1 0 1 0 1 1 1 1 0 1 1 1 0 0 0 1 1 1 0 0 0 0 1 0 1
496 "2014-12-18" 1 0 0 1 1 0 0 0 0 1 1 1 1 1 1 1 0 1 1 0 1 1 0 0 0 0 0 1 1 1
497 "2014-12-19" 1 0 0 1 0 0 0 1 0 1 1 1 1 1 1 1 1 0 0 0 1 1 1 1 0 1 0 1 0 0
498 "2014-12-22" 1 0 1 1 0 0 0 1 0 1 0 0 0 1 1 1 0 1 1 1 1 0 0 0 0 0 1 0 0 0
499 "2014-12-23" 1 0 1 1 1 0 0 1 0 1 1 1 1 0 1 1 1 1 0 0 0 1 0 0 0 0 0 1 0 0
500 "2014-12-24" 0 0 0 1 1 1 0 1 1 1 0 0 1 0 1 1 1 1 1 0 1 0 0 0 0 0 0 1 1 0
501 "2014-12-26" 0 0 0 1 0 1 1 1 0 1 0 0 1 0 1 1 0 0 0 0 1 1 0 0 0 0 1 1 0 1
502 "2014-12-29" 0 0 0 1 0 0 1 1 1 1 1 0 1 1 0 1 0 1 1 1 1 1 0 0 0 0 0 0 1 0
503 "2014-12-30" 0 0 0 1 0 0 0 1 1 1 0 0 0 0 1 1 1 0 0 1 0 1 0 1 0 0 1 1 1 0
504 "2014-12-31" 0 0 0 1 0 1 0 0 0 1 1 1 0 1 1 1 0 0 0 0 1 0 0 0 0 0 0 0 1 0
505 "2015-01-02" 0 0 1 1 0 0 0 0 1 1 0 1 0 0 0 1 0 0 0 0 0 1 0 0 0 1 0 0 0 0
506 "2015-01-05" 1 0 0 1 0 1 0 0 1 1 0 0 1 0 1 0 0 0 0 0 0 0 0 0 0 0 0 0 1 1
507 "2015-01-06" 1 0 0 1 0 0 1 1 0 1 1 1 1 0 0 0 0 1 0 1 0 1 0 0 0 0 0 1 0 1
508 "2015-01-07" 1 0 1 1 1 1 0 1 1 1 0 1 1 1 1 1 1 1 0 0 1 1 0 0 0 0 1 1 0 1
509 "2015-01-08" 0 1 1 1 1 0 1 1 1 1 0 0 1 1 0 1 1 1 1 1 1 1 0 0 0 0 1 1 1 1
510 "2015-01-09" 0 1 0 1 1 0 0 1 0 1 1 1 1 0 1 1 0 1 0 0 1 1 0 0 0 0 0 1 0 0
511 "2015-01-12" 0 0 0 1 0 0 0 1 1 1 0 1 1 0 0 1 0 1 0 0 1 0 1 1 0 0 0 1 0 0
512 "2015-01-13" 0 0 0 1 1 0 0 1 0 1 1 1 1 0 1 1 1 1 0 0 1 1 1 0 0 0 0 1 1 0
513 "2015-01-14" 1 0 0 1 0 0 0 0 1 1 0 1 1 0 0 1 0 0 0 1 1 0 1 0 0 1 0 1 0 0
514 "2015-01-15" 1 0 0 1 1 0 0 1 0 1 1 0 1 0 0 1 1 1 0 1 0 0 0 1 0 0 0 1 0 0
515 "2015-01-16" 1 1 0 1 0 0 0 0 1 1 1 0 1 0 1 1 1 1 0 0 1 0 1 1 0 1 0 1 1 0
516 "2015-01-20" 1 0 0 1 0 0 1 0 0 1 0 1 1 0 1 0 0 1 1 1 1 0 1 0 0 0 0 1 1 0
517 "2015-01-21" 1 0 1 1 1 0 0 1 1 1 1 0 1 0 1 1 1 0 0 1 1 0 0 0 0 1 1 1 0 1
518 "2015-01-22" 0 0 1 1 1 1 0 0 1 1 1 1 1 1 1 1 1 1 0 0 1 1 0 0 0 1 0 1 1 0
519 "2015-01-23" 0 0 1 1 1 0 0 1 0 1 1 1 1 1 1 0 0 1 0 0 1 0 0 0 0 0 0 1 0 1
520 "2015-01-26" 0 1 1 1 1 0 0 1 1 1 1 1 1 0 1 1 0 0 0 1 1 1 1 1 0 0 0 1 1 1
521 "2015-01-27" 0 1 1 1 1 0 0 1 0 1 0 1 1 1 0 1 1 1 0 1 1 0 0 0 0 0 0 1 1 0
522 "2015-01-28" 1 0 1 1 1 0 0 1 0 1 1 0 0 0 0 0 0 0 1 0 1 0 0 1 0 0 0 1 1 0
523 "2015-01-29" 1 0 1 1 1 0 0 1 0 1 1 1 1 1 1 1 0 0 1 0 1 0 0 0 0 0 0 0 1 0
524 "2015-01-30" 1 1 1 1 1 0 0 0 0 1 1 0 1 0 0 1 1 1 0 0 1 1 1 0 0 0 1 0 1 0
525 "2015-02-02" 1 0 1 1 0 0 1 0 1 1 1 1 0 0 0 1 0 1 0 0 1 0 1 0 0 1 0 1 0 0
526 "2015-02-03" 1 0 1 1 1 0 1 1 0 1 1 0 0 1 0 0 0 1 1 1 1 0 1 0 0 1 0 1 0 1
527 "2015-02-04" 1 1 1 1 1 0 1 0 0 1 1 1 1 0 1 1 1 1 0 1 1 1 1 1 0 1 0 1 1 0
528 "2015-02-05" 0 0 1 1 1 0 1 0 0 1 1 0 1 1 0 1 0 1 1 0 1 1 1 0 0 0 1 1 1 0
529 "2015-02-06" 1 1 1 1 1 0 0 1 1 1 1 1 0 0 1 0 1 1 0 0 1 0 1 0 0 1 0 1 1 1
530 "2015-02-09" 1 0 1 1 0 0 0 1 0 0 1 1 1 0 1 0 1 0 0 1 1 1 1 0 0 0 0 0 1 0
531 "2015-02-10" 1 0 1 1 1 0 0 0 1 1 0 0 1 0 1 1 0 0 0 0 1 1 1 0 0 0 0 1 1 0
532 "2015-02-11" 1 1 0 1 0 1 0 1 1 1 1 1 0 1 1 1 1 1 0 0 1 0 0 1 0 0 0 1 1 1
533 "2015-02-12" 1 0 1 1 1 0 0 1 1 1 1 0 1 0 1 1 1 1 0 1 1 0 1 0 0 1 0 0 1 0
534 "2015-02-13" 0 0 1 1 1 1 1 1 0 1 1 1 0 0 1 1 1 1 0 0 1 1 1 1 1 1 0 0 1 0
535 "2015-02-17" 1 1 1 1 1 1 0 1 1 1 0 1 1 0 1 1 1 0 1 0 1 0 1 0 0 1 0 0 0 1
536 "2015-02-18" 1 0 1 1 1 1 1 1 0 1 0 1 0 0 1 1 1 0 1 0 1 1 0 0 0 0 1 1 0 1
537 "2015-02-19" 1 0 1 1 1 0 0 1 1 1 0 1 1 0 1 1 1 0 0 0 1 1 1 1 0 0 0 1 1 1
538 "2015-02-20" 1 1 1 1 1 0 1 1 1 1 1 1 1 0 1 1 1 0 0 0 1 1 0 0 0 1 0 0 1 1
539 "2015-02-23" 1 1 1 1 1 0 1 1 0 1 0 0 1 1 0 1 0 1 0 0 1 1 1 1 0 0 1 0 1 0
540 "2015-02-24" 0 0 1 1 1 1 1 1 1 1 1 1 1 1 1 1 1 1 0 0 1 1 1 0 0 0 0 1 1 1
541 "2015-02-25" 1 1 1 1 1 1 1 0 0 1 1 1 0 1 0 1 1 0 1 0 1 1 1 0 0 0 0 0 1 0
542 "2015-02-26" 0 0 1 1 1 0 0 1 0 1 1 1 1 1 1 0 1 1 1 1 1 1 1 0 0 0 0 1 1 1
543 "2015-02-27" 0 0 1 1 1 0 1 1 1 1 0 1 0 0 1 1 1 0 0 1 1 1 1 0 0 0 0 0 1 1
544 "2015-03-02" 0 1 1 1 1 0 0 1 1 1 1 1 0 0 1 1 0 1 1 1 1 1 1 0 1 0 0 0 1 0
545 "2015-03-03" 0 0 1 1 1 1 0 1 0 1 1 1 1 0 1 1 0 0 1 1 1 1 1 0 0 0 0 0 1 1
546 "2015-03-04" 0 0 1 1 1 0 1 1 1 1 1 0 0 0 0 0 0 0 1 0 1 1 1 0 0 1 0 0 1 0
547 "2015-03-05" 0 0 1 1 1 0 1 1 1 1 1 1 1 1 0 1 1 1 0 0 1 1 1 0 1 0 0 0 1 1
548 "2015-03-06" 0 0 1 1 1 0 1 1 0 1 0 1 1 1 0 1 0 0 0 0 1 0 0 0 0 0 0 1 1 0
549 "2015-03-09" 0 0 1 1 1 1 1 0 0 1 1 1 0 0 1 1 1 0 0 0 1 0 1 1 0 1 0 1 1 1
550 "2015-03-10" 1 0 1 1 0 1 0 0 0 1 0 1 0 0 0 1 0 0 0 0 1 1 0 1 0 1 0 0 1 0
551 "2015-03-11" 1 0 1 1 0 0 0 0 0 1 1 0 1 0 1 1 1 1 0 0 1 0 0 1 0 1 0 0 1 0
552 "2015-03-12" 0 1 1 1 1 0 1 1 1 1 0 1 1 1 1 1 0 1 0 1 1 1 1 0 0 1 1 1 1 0
553 "2015-03-13" 1 0 1 1 1 1 0 1 0 1 1 1 1 1 1 1 0 0 1 1 1 0 1 0 0 0 1 0 1 0
554 "2015-03-16" 0 1 1 1 1 0 1 1 1 1 1 1 1 1 0 1 1 1 0 0 1 1 1 1 1 0 1 0 1 1
555 "2015-03-17" 1 1 1 1 1 0 1 0 1 1 1 1 0 1 1 0 0 1 0 0 1 1 1 1 0 0 1 0 1 1
556 "2015-03-18" 1 0 1 1 1 1 1 1 0 1 1 1 1 1 1 0 1 1 1 1 1 1 1 0 0 0 1 0 1 0
557 "2015-03-19" 1 0 1 1 1 0 1 1 0 1 0 1 1 1 1 0 1 1 1 1 1 1 1 0 0 0 1 1 1 0
558 "2015-03-20" 0 0 1 1 0 1 1 1 1 1 1 0 1 1 1 0 1 1 1 0 1 1 0 1 0 0 0 1 1 1
559 "2015-03-23" 0 0 1 1 1 0 0 1 0 1 1 1 1 0 1 1 1 1 1 0 1 0 1 0 0 0 1 0 1 0
560 "2015-03-24" 0 0 1 1 1 0 1 0 0 1 1 1 1 0 1 0 1 0 0 1 1 0 1 0 0 0 1 0 1 0
561 "2015-03-25" 1 0 1 1 1 0 1 1 1 1 1 0 0 1 0 0 0 0 0 1 1 1 1 0 0 0 1 1 1 0
562 "2015-03-26" 1 0 1 1 0 0 1 1 0 1 1 0 0 1 0 0 1 1 0 0 1 1 0 0 0 1 1 1 1 1
563 "2015-03-27" 0 0 1 1 1 0 0 0 1 1 0 1 0 1 0 1 1 1 0 0 1 1 0 0 0 1 0 0 1 0
564 "2015-03-30" 0 0 1 1 1 0 1 1 0 1 1 0 0 1 1 1 1 1 0 0 1 1 1 1 0 0 1 0 1 1
565 "2015-03-31" 1 0 1 1 1 0 0 1 1 1 1 1 1 1 1 1 1 1 0 0 1 1 0 0 0 0 0 0 1 0
566 "2015-04-01" 1 0 1 1 0 1 0 1 0 1 1 1 1 1 0 1 1 0 0 0 1 1 1 0 0 0 0 1 1 0
567 "2015-04-02" 1 0 1 1 1 0 0 1 1 1 1 0 1 1 0 1 1 1 0 0 1 0 0 0 0 0 1 1 1 1
568 "2015-04-06" 1 1 0 1 0 1 1 0 1 1 1 1 1 1 0 1 1 0 0 0 1 1 0 1 0 0 0 1 1 1
569 "2015-04-07" 1 1 0 1 1 0 1 1 0 1 1 0 1 1 1 1 0 1 1 0 1 1 0 1 0 0 1 0 1 1
570 "2015-04-08" 1 1 1 1 1 1 0 1 0 1 0 1 1 1 1 1 1 1 0 1 1 1 1 1 0 0 0 1 1 1
571 "2015-04-09" 1 1 1 1 1 0 0 1 1 1 1 1 1 0 1 1 0 1 0 0 0 0 1 0 0 0 0 1 1 0
572 "2015-04-10" 1 1 0 1 1 1 0 1 0 1 1 1 1 1 1 1 1 1 1 1 0 1 1 0 0 0 0 0 1 1
573 "2015-04-13" 1 0 0 1 1 0 0 0 1 1 1 1 0 0 1 1 1 1 1 0 1 1 0 1 0 0 1 0 1 0
574 "2015-04-14" 0 0 1 1 1 1 1 0 1 1 1 1 1 1 0 1 1 1 0 1 1 1 1 0 0 0 1 0 1 0
575 "2015-04-15" 0 0 1 1 0 1 1 1 1 1 1 1 1 1 1 1 0 1 0 1 1 1 1 1 0 1 1 0 1 1
576 "2015-04-16" 0 0 1 1 1 0 0 1 1 1 1 1 1 1 0 1 0 0 1 0 1 0 1 0 1 0 1 0 1 0
577 "2015-04-17" 1 0 1 1 0 1 1 1 1 1 1 1 0 0 1 1 0 0 0 0 1 1 0 1 1 0 1 0 1 0
578 "2015-04-20" 1 1 1 1 1 1 0 1 0 1 1 1 0 0 0 1 0 1 0 1 1 1 1 0 0 0 1 1 0 0
579 "2015-04-21" 1 0 1 1 1 1 1 1 0 1 0 1 1 1 1 1 0 1 0 1 1 1 1 0 1 0 1 1 1 0
580 "2015-04-22" 0 0 1 1 1 1 1 1 1 1 0 1 0 1 1 1 0 0 0 1 1 1 1 1 0 0 1 0 1 1
581 "2015-04-23" 1 1 0 1 1 1 0 0 0 1 0 1 1 0 1 0 1 0 0 0 1 1 1 0 0 0 0 1 1 1
582 "2015-04-24" 0 0 0 1 1 0 0 1 0 1 1 1 0 1 1 0 0 1 0 1 1 1 0 1 1 0 1 0 1 1
583 "2015-04-27" 0 0 0 1 1 1 0 1 0 1 0 1 0 0 1 1 1 1 0 0 0 0 0 0 0 0 0 1 1 1
584 "2015-04-28" 0 0 1 1 1 1 1 1 1 1 1 1 0 0 1 1 1 0 1 1 1 1 1 0 0 1 0 1 1 1
585 "2015-04-29" 1 0 1 1 1 1 1 1 1 1 1 1 1 0 1 1 1 0 1 1 1 1 1 0 0 0 1 0 1 1
586 "2015-04-30" 1 0 1 1 1 1 1 1 1 1 1 1 1 1 0 0 1 0 0 1 0 0 1 0 0 0 1 1 1 1
587 "2015-05-01" 0 0 0 1 1 1 0 0 1 1 1 0 1 1 0 1 0 0 1 1 0 0 1 0 0 0 1 0 1 1
588 "2015-05-04" 0 1 0 1 1 0 0 1 0 1 1 1 0 0 0 1 1 1 0 1 0 1 1 0 1 0 1 0 1 1
589 "2015-05-05" 1 1 1 1 1 0 0 1 0 1 1 1 1 0 0 1 1 1 1 1 1 1 1 0 0 0 1 1 1 0
590 "2015-05-06" 1 1 1 1 1 0 0 1 0 1 0 1 1 0 0 1 1 0 0 1 0 0 1 1 1 0 1 0 0 1
591 "2015-05-07" 1 1 1 1 1 0 0 0 1 1 0 1 0 0 1 0 1 0 0 1 0 1 0 0 0 1 1 0 1 1
592 "2015-05-08" 0 0 1 1 1 1 0 0 1 1 0 1 1 1 0 1 0 0 0 0 1 1 1 1 0 1 0 0 1 0
593 "2015-05-11" 1 0 1 1 1 1 0 1 0 1 1 1 0 1 0 1 0 0 0 1 0 1 1 0 0 0 0 0 1 1
594 "2015-05-12" 1 1 1 1 1 1 0 1 1 1 0 1 0 1 0 1 0 0 0 1 1 0 0 1 0 0 0 0 1 1
595 "2015-05-13" 1 0 1 1 0 1 0 1 1 1 1 1 1 1 0 1 0 0 0 1 1 1 1 1 0 0 1 0 1 1
596 "2015-05-14" 1 1 1 1 1 0 1 1 1 1 0 1 1 1 1 1 0 1 0 1 1 1 1 1 0 1 1 0 1 1
597 "2015-05-15" 1 0 0 1 1 0 1 1 1 1 1 1 1 1 1 1 0 0 0 1 1 1 0 0 0 0 0 0 0 1
598 "2015-05-18" 0 0 1 1 0 0 0 1 1 1 1 1 1 1 1 0 1 0 1 1 1 1 0 1 0 0 1 1 0 1
599 "2015-05-19" 0 0 1 1 1 0 1 1 0 1 0 1 1 1 1 0 1 1 1 0 1 0 1 0 1 0 0 1 1 1
600 "2015-05-20" 0 1 1 1 1 0 1 1 1 1 0 1 1 1 0 1 1 0 1 0 1 0 0 0 0 0 1 1 1 0
601 "2015-05-21" 0 0 1 1 1 1 0 0 0 1 0 1 0 1 1 0 1 0 0 1 0 1 0 0 0 0 0 0 1 0
602 "2015-05-22" 0 0 1 1 1 0 0 0 1 1 1 0 1 1 0 0 0 0 0 1 1 0 0 0 0 0 1 0 1 1
603 "2015-05-26" 0 0 0 1 0 0 1 0 1 1 0 1 1 1 0 0 0 0 0 1 0 1 0 0 0 0 0 1 1 1
604 "2015-05-27" 0 0 0 1 1 1 1 1 1 1 1 1 1 1 0 1 0 0 0 1 0 0 0 1 0 0 1 1 1 1
605 "2015-05-28" 0 0 1 1 0 0 0 1 1 1 0 1 1 1 1 1 0 0 0 0 0 1 0 1 0 1 0 0 1 1
606 "2015-05-29" 1 0 0 1 1 0 1 0 1 1 0 1 1 1 0 1 0 0 1 1 0 1 1 0 0 0 0 0 0 1
607 "2015-06-01" 0 0 0 1 1 0 0 1 0 1 1 1 0 1 0 1 1 0 0 1 1 1 1 0 0 0 0 0 1 1
608 "2015-06-02" 0 0 1 1 1 0 1 1 1 1 0 1 0 1 1 1 1 0 0 0 1 0 1 1 0 0 0 0 1 0
609 "2015-06-03" 0 0 0 1 1 0 1 0 0 1 0 1 1 1 1 1 1 1 1 0 1 0 1 0 0 0 0 0 1 1
610 "2015-06-04" 0 0 1 1 1 0 1 1 0 1 1 1 0 1 0 1 1 1 0 0 1 1 1 1 0 0 1 1 1 0
611 "2015-06-05" 1 0 0 1 0 0 1 1 1 1 0 1 1 1 1 1 1 1 1 1 1 0 1 1 0 0 0 1 1 0
612 "2015-06-08" 1 0 0 1 1 0 1 0 0 1 0 0 1 0 0 0 1 0 0 1 0 1 1 0 0 0 0 1 0 1
613 "2015-06-09" 1 1 0 1 1 0 1 1 0 1 0 1 1 1 1 1 1 1 0 1 1 0 0 1 0 0 0 0 1 1
614 "2015-06-10" 0 1 0 1 1 1 1 0 0 1 1 1 1 1 1 1 1 1 0 1 1 1 1 1 0 0 0 1 1 1
615 "2015-06-11" 0 1 1 1 1 1 1 1 0 1 1 1 0 1 1 1 1 1 0 0 1 1 1 0 0 1 0 1 0 1
616 "2015-06-12" 1 0 0 1 1 1 1 1 1 1 1 1 1 0 1 1 0 1 0 0 1 0 0 0 0 0 0 0 0 1
617 "2015-06-15" 1 1 0 1 1 0 1 1 1 1 1 0 1 0 1 1 1 1 0 1 1 1 1 0 0 1 1 1 1 1
618 "2015-06-16" 1 0 0 1 1 0 1 1 1 1 1 0 1 0 0 1 1 0 0 1 1 0 0 1 0 1 1 0 0 1
619 "2015-06-17" 1 0 1 1 1 0 0 1 1 1 0 0 1 0 1 1 1 0 0 0 1 0 1 0 0 0 1 1 0 1
620 "2015-06-18" 1 0 0 1 1 0 1 1 0 1 1 1 0 1 1 1 0 0 0 0 1 1 1 0 0 1 0 1 0 1
621 "2015-06-19" 0 0 1 1 1 1 1 0 1 1 1 0 0 1 0 1 1 0 0 0 1 1 1 0 0 0 0 1 0 1
622 "2015-06-22" 0 0 0 1 0 1 1 1 1 1 1 1 1 1 0 1 0 0 1 0 1 0 1 1 0 0 1 1 1 1
623 "2015-06-23" 0 0 1 1 1 1 1 1 0 1 1 1 1 1 1 0 0 1 0 0 1 1 0 0 0 0 1 0 1 1
624 "2015-06-24" 0 0 1 1 1 1 1 1 1 1 0 0 0 1 1 0 1 0 1 0 1 1 1 1 0 0 1 0 1 0
625 "2015-06-25" 0 0 1 1 0 0 0 1 1 1 1 0 1 1 0 1 0 0 0 0 1 1 0 0 0 0 1 1 1 1
626 "2015-06-26" 0 0 1 1 1 0 1 0 0 1 1 1 1 0 0 1 1 0 0 0 1 1 0 0 0 0 1 1 1 1
627 "2015-06-29" 1 0 0 1 1 0 0 1 0 1 1 0 0 0 0 1 0 0 1 0 1 0 0 0 0 0 0 1 0 1
628 "2015-06-30" 1 0 1 1 0 0 0 1 1 1 0 1 0 0 0 1 1 0 0 1 1 1 0 1 0 1 0 1 1 1
629 "2015-07-01" 1 0 0 1 1 0 1 1 1 1 0 0 1 0 1 0 1 1 0 0 1 0 0 1 0 0 0 1 0 1
630 "2015-07-02" 0 0 0 1 0 0 1 1 1 1 0 1 0 0 1 0 0 0 0 0 1 1 0 1 0 0 1 1 0 1
631 "2015-07-06" 0 0 1 1 1 0 0 1 1 1 0 0 0 0 0 0 1 1 0 0 1 1 0 1 0 0 0 1 0 1
632 "2015-07-07" 0 0 0 1 1 0 1 1 0 1 1 1 0 0 0 1 1 0 0 1 1 1 0 1 0 1 1 1 0 1
633 "2015-07-08" 1 0 0 1 0 0 1 1 1 1 0 1 1 0 0 1 1 1 0 0 1 1 0 1 0 1 0 1 0 1
634 "2015-07-09" 1 0 0 1 1 0 1 0 0 1 0 0 0 1 1 1 1 1 0 1 1 1 0 1 1 0 0 1 1 1
635 "2015-07-10" 1 0 1 1 1 0 1 0 1 1 1 1 1 0 1 1 0 0 0 0 1 1 1 0 0 0 1 1 1 1
636 "2015-07-13" 1 0 0 1 1 0 1 1 0 1 0 0 1 1 0 1 1 1 0 1 1 1 0 1 0 0 0 0 1 1
637 "2015-07-14" 1 1 0 1 1 1 1 1 1 1 0 1 1 0 1 1 1 1 0 0 1 1 0 1 0 0 1 0 1 1
638 "2015-07-15" 1 0 1 1 1 0 1 1 1 1 0 0 1 1 1 1 1 1 0 1 1 0 1 1 0 1 1 1 1 1
639 "2015-07-16" 0 0 1 1 1 1 1 1 1 1 1 1 1 1 1 0 1 1 0 0 0 1 0 0 0 0 1 1 1 1
640 "2015-07-17" 0 1 1 1 0 0 1 1 0 1 0 1 1 1 1 0 0 0 0 1 1 1 0 0 0 0 1 1 1 0
641 "2015-07-20" 0 0 1 1 1 1 1 0 1 1 0 1 1 1 0 1 0 1 0 0 1 0 0 0 0 0 1 1 1 0
642 "2015-07-21" 0 0 1 1 1 0 0 0 0 1 1 0 0 1 0 0 0 0 0 0 1 0 1 0 1 0 1 1 1 1
643 "2015-07-22" 0 1 1 1 1 0 0 0 1 1 1 1 1 1 0 0 1 1 0 1 1 1 1 1 1 1 1 1 0 1
644 "2015-07-23" 0 0 1 1 1 0 1 1 1 1 0 0 1 1 1 0 0 0 0 0 1 1 1 0 0 1 1 1 1 0
645 "2015-07-24" 1 1 0 1 1 0 0 1 0 1 1 0 1 1 0 0 0 1 0 0 1 1 1 0 1 0 1 1 1 1
646 "2015-07-27" 1 1 0 1 0 0 1 1 0 1 0 1 0 1 1 1 1 0 0 0 1 1 1 0 0 1 0 1 1 0
647 "2015-07-28" 1 0 0 1 1 0 1 0 0 1 1 1 0 1 1 1 1 1 0 1 1 1 1 0 0 0 1 1 1 0
648 "2015-07-29" 0 0 1 1 1 0 1 0 0 1 1 1 0 1 1 1 0 1 0 0 1 1 1 0 1 1 0 1 1 1
649 "2015-07-30" 0 1 0 1 0 0 1 1 0 1 0 0 0 1 0 1 0 0 1 0 1 1 1 0 0 1 1 1 0 1
650 "2015-07-31" 0 1 0 1 1 0 1 1 1 1 0 0 0 1 1 1 1 1 0 1 1 1 1 0 0 1 1 1 0 1
651 "2015-08-03" 0 0 0 1 0 0 1 0 1 1 0 1 0 0 0 1 1 0 0 1 1 1 0 0 0 1 1 1 0 0
652 "2015-08-04" 0 0 0 1 1 0 0 0 1 1 1 0 0 0 0 0 1 1 0 1 1 1 0 1 0 1 1 1 0 0
653 "2015-08-05" 1 1 1 1 1 0 0 1 1 1 1 0 0 1 1 1 1 1 0 0 1 1 0 0 0 1 1 0 1 1
654 "2015-08-06" 0 0 0 1 1 1 1 1 0 1 1 1 1 0 0 1 1 1 0 1 1 1 0 1 1 0 1 1 1 1
655 "2015-08-07" 1 1 0 1 1 0 0 1 0 1 0 0 1 1 0 1 1 1 1 0 1 0 0 0 0 1 0 1 1 0
656 "2015-08-10" 0 0 1 1 1 1 1 1 0 1 1 1 0 1 1 1 1 1 0 0 1 0 0 0 0 0 0 1 1 1
657 "2015-08-11" 1 0 1 1 0 1 1 1 1 1 1 0 0 1 1 0 0 0 0 0 1 1 0 0 0 0 0 1 1 1
658 "2015-08-12" 1 0 1 1 1 1 1 1 0 1 1 0 0 1 0 1 0 1 0 0 1 0 1 1 1 0 0 0 1 1
659 "2015-08-13" 1 0 1 1 1 0 1 1 0 1 1 0 1 1 1 1 1 1 1 1 1 1 0 1 0 1 0 1 1 1
660 "2015-08-14" 0 0 1 1 1 1 1 1 1 1 0 1 1 1 1 0 0 1 0 0 1 1 0 1 0 0 1 0 1 0
661 "2015-08-17" 0 0 1 1 1 0 0 0 1 1 1 1 1 0 1 0 1 1 0 1 1 1 0 1 0 1 0 0 1 0
662 "2015-08-18" 0 0 1 1 1 0 0 1 1 1 1 1 0 1 1 1 0 1 0 1 1 1 1 0 0 0 1 0 1 0
663 "2015-08-19" 0 0 1 1 1 0 1 1 0 1 0 0 0 0 1 1 0 0 0 1 1 0 0 1 0 0 1 1 1 0
664 "2015-08-20" 0 0 0 1 0 0 0 1 0 1 0 1 0 0 0 0 0 0 0 1 1 1 1 0 0 0 1 0 1 0
665 "2015-08-21" 0 0 0 0 0 0 0 1 1 1 0 0 0 0 0 0 1 0 0 0 1 1 1 0 0 0 0 1 0 0
666 "2015-08-24" 1 0 0 1 1 0 1 1 0 1 0 1 0 1 0 0 1 0 1 0 1 1 0 0 1 1 1 1 0 0
667 "2015-08-25" 1 0 1 1 1 0 1 1 1 1 1 1 0 1 1 1 1 0 1 1 1 1 0 0 0 0 0 1 0 1
668 "2015-08-26" 1 0 0 1 1 0 1 1 1 1 1 1 1 1 1 1 1 1 0 1 1 1 1 1 0 0 0 0 0 1
669 "2015-08-27" 0 0 0 1 1 0 1 1 0 1 0 1 1 1 1 1 1 0 1 0 1 0 1 0 0 1 1 1 1 1
670 "2015-08-28" 0 1 1 1 1 0 1 0 0 1 1 1 1 0 0 1 0 0 1 0 0 1 1 0 0 0 1 0 1 1
671 "2015-08-31" 0 1 1 1 1 0 1 1 0 1 1 1 1 1 1 1 1 0 0 1 1 1 1 0 0 1 0 0 1 1
672 "2015-09-01" 1 1 1 1 1 0 1 1 0 1 1 1 0 1 0 0 1 0 1 0 1 0 1 0 0 0 1 0 0 1
673 "2015-09-02" 1 0 0 1 0 0 0 1 1 1 0 1 0 1 1 0 0 0 1 1 1 0 1 0 0 0 0 0 0 0
674 "2015-09-03" 0 0 1 1 1 1 1 1 1 1 1 1 0 1 1 1 0 0 0 0 0 0 1 0 0 1 0 0 1 1
675 "2015-09-04" 1 1 1 1 1 0 0 1 0 1 0 1 0 1 1 0 0 0 0 1 1 0 0 0 1 0 0 0 0 1
676 "2015-09-08" 0 0 1 1 1 0 1 1 0 1 1 0 0 1 1 0 1 0 1 1 0 0 1 1 0 1 0 0 0 1
677 "2015-09-09" 1 1 0 1 0 0 1 1 0 1 0 0 1 0 1 1 0 1 0 0 1 1 1 0 0 1 1 1 0 1
678 "2015-09-10" 1 0 1 1 1 0 1 0 0 1 1 1 0 0 0 0 1 0 0 1 1 1 0 1 0 0 0 0 1 0
679 "2015-09-11" 1 0 0 1 1 0 1 0 0 1 0 1 1 0 0 0 0 0 0 0 1 1 0 1 1 0 1 0 1 1
680 "2015-09-14" 1 1 0 1 0 0 0 1 0 1 0 0 1 0 0 0 1 0 0 1 1 1 1 1 0 0 0 0 1 0
681 "2015-09-15" 0 0 0 1 1 0 1 1 0 1 1 1 0 1 0 1 0 1 1 1 1 1 0 0 0 0 0 1 0 1
682 "2015-09-16" 0 0 1 1 0 0 1 1 1 1 1 1 1 1 0 1 1 1 1 1 1 1 1 0 0 0 0 1 0 0
683 "2015-09-17" 0 0 0 1 1 0 1 1 0 1 0 0 0 1 0 0 1 1 0 1 1 1 1 0 0 0 0 0 1 1
684 "2015-09-18" 0 0 0 1 1 0 1 1 0 1 0 1 0 1 1 0 1 0 0 1 1 0 1 0 0 0 1 0 1 0
685 "2015-09-21" 0 0 1 1 0 0 1 0 1 1 1 0 1 1 0 0 1 0 0 1 1 1 0 0 0 0 0 1 0 0
686 "2015-09-22" 0 0 0 0 0 0 1 0 0 1 1 1 0 1 0 0 0 0 1 0 1 1 0 0 0 0 1 0 0 1
687 "2015-09-23" 0 0 0 1 1 0 1 0 0 1 0 1 1 1 1 0 0 0 1 1 1 1 0 1 0 0 0 1 0 1
688 "2015-09-24" 0 0 0 1 1 0 0 1 0 1 1 0 0 0 1 1 0 0 0 0 1 1 1 1 0 0 1 0 0 1
689 "2015-09-25" 0 1 0 1 1 0 1 0 0 1 0 0 0 1 0 1 1 1 0 0 1 1 1 1 0 0 1 1 0 1
690 "2015-09-28" 1 0 0 1 1 1 1 1 0 1 1 0 0 1 1 0 1 1 0 0 1 0 0 0 1 0 0 1 0 0
691 "2015-09-29" 1 1 0 0 1 0 1 0 0 1 0 0 0 0 1 0 1 0 1 0 1 0 1 0 0 1 1 0 0 1
692 "2015-09-30" 1 0 0 1 1 1 1 0 0 1 1 1 0 1 1 1 1 0 0 0 1 1 0 0 0 0 0 1 0 0
693 "2015-10-01" 1 0 1 1 0 0 1 1 0 1 1 1 0 1 1 0 0 1 0 0 1 1 0 0 0 0 1 1 1 0
694 "2015-10-02" 1 0 0 1 1 0 1 1 1 1 0 1 1 1 1 0 0 0 0 1 1 0 1 0 0 1 0 0 0 0
695 "2015-10-05" 1 0 1 1 1 1 1 0 1 1 1 1 1 1 1 1 0 0 0 1 1 0 1 0 0 0 0 1 0 1
696 "2015-10-06" 1 0 1 1 0 0 1 1 0 1 1 1 1 0 1 1 0 0 0 0 1 0 0 0 0 1 0 0 1 1
697 "2015-10-07" 1 0 1 1 1 0 1 1 0 1 1 1 0 1 1 0 1 0 0 0 1 1 1 0 0 1 1 0 1 1
698 "2015-10-08" 1 0 0 0 0 0 1 1 1 1 1 1 0 0 1 1 0 0 0 0 1 0 1 0 0 0 1 1 1 1
699 "2015-10-09" 0 0 0 1 0 0 1 1 1 1 1 1 0 1 1 0 0 0 0 0 1 0 0 1 0 1 1 0 1 0
700 "2015-10-12" 1 1 0 1 0 0 1 0 0 1 1 1 1 0 0 1 1 1 0 1 0 1 1 0 0 1 1 0 1 0
701 "2015-10-13" 1 0 1 1 1 0 1 0 0 1 1 1 0 0 0 0 1 0 0 1 1 0 1 1 0 1 1 0 1 1
702 "2015-10-14" 1 0 0 1 0 0 1 0 0 1 1 0 1 0 0 1 1 0 0 0 1 0 0 1 0 0 1 1 1 1
703 "2015-10-15" 1 0 1 1 1 0 1 0 1 1 1 1 1 0 1 1 1 1 0 1 1 1 1 1 0 0 1 1 1 1
704 "2015-10-16" 0 1 1 1 1 0 1 0 1 1 0 1 1 1 0 1 1 0 0 1 1 1 1 1 0 0 1 1 1 1
705 "2015-10-19" 1 0 1 1 1 0 0 1 0 1 0 1 1 1 0 1 0 1 0 0 1 1 0 0 0 0 1 0 1 1
706 "2015-10-20" 1 1 0 1 0 0 0 0 1 1 0 1 1 0 0 1 0 0 0 0 1 1 1 0 0 0 1 1 1 1
707 "2015-10-21" 1 0 0 1 1 0 1 1 0 1 0 1 1 0 1 1 0 0 0 0 1 1 0 0 0 0 1 1 1 1
708 "2015-10-22" 1 1 0 1 1 0 1 1 0 1 1 1 1 0 1 1 0 0 1 1 1 1 1 1 1 1 1 0 1 1
709 "2015-10-23" 1 0 1 1 1 0 1 1 0 1 0 1 1 1 1 1 0 0 0 1 1 0 1 0 0 0 1 0 1 1
710 "2015-10-26" 1 0 0 1 1 0 0 0 0 1 0 0 1 1 0 0 0 1 0 0 1 0 1 0 0 0 1 0 1 1
711 "2015-10-27" 1 0 0 1 1 0 0 1 0 1 0 1 1 0 0 0 1 1 0 1 1 1 1 0 0 1 1 0 1 1
712 "2015-10-28" 1 0 0 1 0 0 1 1 1 1 1 0 1 1 0 1 1 1 0 1 1 0 1 0 1 1 1 0 1 1
713 "2015-10-29" 1 0 0 1 1 1 1 0 0 1 1 1 1 1 1 0 1 1 0 0 1 1 1 0 0 0 1 1 1 1
714 "2015-10-30" 1 1 1 1 1 1 1 0 0 1 1 1 0 0 0 0 0 0 1 1 1 0 1 0 0 0 1 1 1 1
715 "2015-11-02" 1 0 0 1 1 1 1 0 0 1 1 1 0 1 0 1 0 0 0 0 1 0 1 0 0 1 1 0 1 1
716 "2015-11-03" 0 0 0 1 1 1 1 1 1 1 1 1 1 0 1 0 0 0 0 1 1 1 1 0 0 1 0 0 1 1
717 "2015-11-04" 0 0 0 1 1 1 0 0 0 1 1 0 1 0 0 1 0 1 0 0 1 1 0 0 0 0 0 0 1 1
718 "2015-11-05" 0 0 0 1 1 0 0 1 1 1 0 1 1 1 0 0 0 1 1 1 1 1 1 0 0 0 0 0 1 1
719 "2015-11-06" 0 0 0 1 1 0 1 0 0 1 0 1 0 0 0 1 1 1 1 1 1 1 1 0 0 0 1 0 1 1
720 "2015-11-09" 0 0 0 1 1 0 1 1 0 1 1 1 0 1 0 1 0 0 1 1 1 0 1 1 0 0 0 0 1 1
721 "2015-11-10" 0 0 0 1 0 0 0 1 0 1 0 1 0 1 1 0 1 1 1 0 0 0 0 1 0 1 1 0 1 1
722 "2015-11-11" 0 0 1 1 1 0 0 1 1 1 0 1 1 1 1 1 1 0 0 0 1 0 0 0 0 0 1 1 1 1
723 "2015-11-12" 1 1 0 1 0 1 0 0 0 1 1 1 0 1 1 1 0 0 0 0 1 0 1 0 0 1 1 1 1 1
724 "2015-11-13" 1 0 0 1 1 1 0 1 1 1 0 1 1 1 1 0 1 0 0 1 1 1 1 1 0 0 0 1 1 1
725 "2015-11-16" 1 0 0 1 1 1 1 1 0 1 1 1 0 1 1 0 0 0 1 1 1 1 1 0 0 0 0 1 0 1
726 "2015-11-17" 1 0 1 1 1 1 0 1 0 1 1 1 0 1 1 1 1 0 0 1 1 1 1 1 0 0 0 1 1 1
727 "2015-11-18" 1 0 0 1 1 1 1 1 0 1 0 1 0 1 1 1 1 0 1 0 1 1 0 0 0 1 0 0 1 1
728 "2015-11-19" 1 0 0 1 1 0 1 0 0 1 1 1 1 1 1 1 1 0 1 0 1 1 1 0 0 1 0 0 1 1
729 "2015-11-20" 0 1 0 1 1 1 0 1 0 1 0 1 1 1 1 1 1 1 1 1 1 1 1 1 1 0 0 1 1 1
730 "2015-11-23" 1 1 0 1 1 1 0 1 0 1 0 1 0 1 1 0 0 0 0 0 1 1 1 0 0 1 0 0 1 1
731 "2015-11-24" 0 0 0 1 1 0 0 1 1 1 1 1 1 1 0 0 1 0 1 0 1 1 1 0 0 0 0 0 1 1
732 "2015-11-25" 1 0 0 1 0 0 0 0 1 1 0 1 0 0 1 1 0 0 0 0 1 1 1 0 0 1 1 1 1 1
733 "2015-11-27" 0 0 1 1 1 0 0 0 0 1 0 1 1 0 0 0 0 0 0 0 1 1 1 0 0 0 0 0 1 1
734 "2015-11-30" 0 0 0 1 1 1 0 0 0 1 1 1 1 0 0 1 1 0 1 0 1 1 1 0 0 1 1 1 1 1
735 "2015-12-01" 0 0 1 1 1 0 0 1 0 1 0 1 1 0 1 1 1 1 0 1 1 1 1 1 0 1 0 1 1 1
736 "2015-12-02" 1 0 0 1 1 1 1 1 0 1 0 1 1 1 1 1 0 0 0 0 1 1 1 0 0 0 1 1 0 1
737 "2015-12-03" 1 0 0 1 1 0 1 1 0 1 1 1 0 1 1 1 0 0 0 1 1 1 0 0 0 0 0 1 1 1
738 "2015-12-04" 0 0 0 1 1 0 0 0 0 1 0 1 1 0 1 0 1 1 1 1 1 0 1 0 0 0 0 0 0 1
739 "2015-12-07" 0 0 0 1 1 0 0 1 0 1 1 0 1 1 1 1 1 0 0 1 0 1 0 1 0 0 0 1 0 1
740 "2015-12-08" 0 0 0 1 1 0 0 1 0 1 0 1 0 1 0 1 0 1 0 1 1 1 1 0 0 0 1 0 1 0
741 "2015-12-09" 0 0 0 1 1 0 1 1 0 1 0 1 1 1 1 1 0 0 1 1 1 1 1 1 0 1 0 1 0 1
742 "2015-12-10" 0 0 0 1 1 1 0 0 0 1 1 1 1 0 0 1 1 0 1 1 1 0 1 1 0 1 1 1 1 1
743 "2015-12-11" 1 0 0 1 1 0 1 0 0 1 0 1 0 1 1 1 1 0 1 0 1 0 0 0 0 0 0 0 1 0
744 "2015-12-14" 1 0 1 1 1 0 0 1 1 1 0 0 0 1 1 1 1 0 1 0 0 1 1 0 0 0 0 1 1 1
745 "2015-12-15" 0 0 0 1 1 0 1 0 1 1 1 1 1 0 1 1 1 0 1 1 1 1 1 1 0 0 0 0 1 1
746 "2015-12-16" 0 0 0 1 1 0 1 0 1 1 0 1 0 1 1 1 0 1 1 1 1 1 1 1 0 0 1 0 1 1
747 "2015-12-17" 0 0 0 1 1 0 1 0 1 1 0 1 1 1 0 1 0 0 1 1 1 1 1 0 1 0 1 0 1 1
748 "2015-12-18" 1 0 1 1 1 1 1 1 1 1 0 1 1 0 1 0 0 0 0 1 1 1 0 0 0 0 0 0 1 1
749 "2015-12-21" 1 0 0 1 1 0 1 1 0 1 1 1 1 1 1 1 1 1 0 0 1 1 0 1 0 0 0 0 1 1
750 "2015-12-22" 1 0 0 1 1 0 0 0 0 1 0 1 1 1 0 1 1 0 0 0 1 1 1 0 0 1 0 0 1 1
751 "2015-12-23" 1 0 0 1 1 0 0 1 1 1 0 1 1 1 1 1 1 1 0 0 1 1 0 1 0 1 0 1 1 1
752 "2015-12-24" 1 1 0 1 1 1 1 1 1 1 1 1 1 1 1 1 0 0 0 1 1 1 0 0 0 0 1 1 1 1
753 "2015-12-28" 0 0 0 1 1 0 0 0 0 1 1 1 0 1 0 0 0 0 0 1 0 1 0 1 0 0 0 0 0 1
754 "2015-12-29" 0 0 0 1 1 0 0 1 0 1 1 1 0 1 1 1 0 1 0 1 1 1 0 1 0 0 0 0 1 1
755 "2015-12-30" 0 0 0 1 1 0 1 1 0 1 1 1 1 1 1 0 0 0 0 0 1 1 1 0 0 0 0 0 0 1
756 "2015-12-31" 0 0 0 1 1 0 1 1 1 1 1 1 0 0 0 0 1 1 0 0 1 1 0 0 1 0 0 1 1 1
757 "2016-01-04" 0 0 0 1 1 0 1 1 0 1 0 1 0 0 1 0 0 0 0 0 1 1 0 1 0 0 0 0 1 1
758 "2016-01-05" 0 0 0 1 1 0 1 0 0 1 0 1 0 1 0 1 1 0 1 1 1 1 0 0 0 0 0 1 1 1
759 "2016-01-06" 0 0 1 1 1 1 0 1 0 1 0 1 1 0 0 0 0 1 1 1 0 0 1 0 0 0 1 1 1 1
760 "2016-01-07" 1 0 0 0 0 0 0 0 0 1 1 1 0 1 0 0 0 1 1 1 0 1 1 1 0 0 0 1 1 1
761 "2016-01-08" 0 0 0 1 0 0 1 0 0 1 1 0 0 1 1 1 0 0 0 1 1 1 0 0 0 1 0 0 1 1
762 "2016-01-11" 0 1 0 1 1 0 0 0 1 1 1 1 0 0 1 1 0 0 1 1 1 1 1 0 0 0 1 0 1 1
763 "2016-01-12" 0 0 0 1 1 0 0 0 1 1 0 0 0 1 0 1 1 0 0 1 1 1 1 0 0 0 0 0 1 1
764 "2016-01-13" 0 1 0 1 1 0 0 1 0 1 0 0 0 1 0 1 0 1 1 1 1 1 0 0 0 0 0 0 1 1
765 "2016-01-14" 0 0 0 1 1 0 1 1 0 1 1 1 0 0 0 1 0 1 0 1 1 1 0 1 0 0 0 1 0 1
766 "2016-01-15" 0 0 0 0 1 0 0 0 0 1 0 0 0 1 0 1 1 1 0 1 1 1 0 0 0 0 0 0 1 0
767 "2016-01-19" 1 0 0 1 0 0 1 1 0 1 0 1 0 0 0 1 0 1 1 0 0 1 0 1 0 0 0 1 1 1
768 "2016-01-20" 1 0 0 1 0 0 1 1 1 1 1 0 0 1 0 1 0 0 0 1 0 1 1 0 1 0 1 0 0 0
769 "2016-01-21" 1 0 0 1 0 0 0 0 0 1 0 1 0 1 0 1 0 1 1 0 1 1 1 0 0 0 0 1 0 1
770 "2016-01-22" 0 0 0 1 0 0 1 0 0 1 1 1 0 1 1 1 0 1 1 0 1 1 1 0 0 0 0 1 1 1
771 "2016-01-25" 1 0 0 1 0 0 1 1 1 1 1 0 0 1 1 0 0 0 1 1 1 0 0 0 0 0 0 1 0 1
772 "2016-01-26" 1 0 1 1 1 0 1 1 1 1 0 1 1 1 1 1 1 0 1 1 1 1 1 1 0 0 0 1 1 1
773 "2016-01-27" 1 0 1 1 1 0 0 0 0 1 0 0 1 0 0 0 1 1 1 1 1 1 1 1 0 0 1 1 1 1
774 "2016-01-28" 1 1 1 1 0 0 0 1 1 1 0 0 0 1 0 1 1 1 1 1 1 1 1 1 0 0 1 1 1 1
775 "2016-01-29" 0 0 1 1 1 0 0 1 1 1 0 0 1 1 0 1 1 0 0 1 1 1 1 1 0 0 0 1 1 1
776 "2016-02-01" 0 0 0 1 1 0 0 1 1 1 1 1 1 0 0 1 0 1 1 1 1 1 0 0 0 0 0 1 1 1
777 "2016-02-02" 1 0 1 1 1 0 0 0 0 1 0 0 0 0 1 1 0 0 0 0 1 1 1 0 0 0 0 1 1 1
778 "2016-02-03" 0 0 0 1 1 0 1 1 0 1 1 0 0 0 0 1 1 0 1 1 1 0 1 0 0 0 0 0 1 1
779 "2016-02-04" 0 0 0 1 1 0 0 1 0 1 0 0 0 0 1 1 1 0 0 1 1 0 1 0 0 0 0 0 1 0
780 "2016-02-05" 0 0 0 1 0 0 0 0 1 1 0 1 1 0 1 0 0 1 0 1 1 1 1 0 0 0 0 1 1 1
781 "2016-02-08" 0 0 0 1 0 0 1 1 1 1 1 1 0 1 1 0 1 0 1 0 1 1 1 1 0 1 0 0 0 1
782 "2016-02-09" 0 0 1 1 1 0 1 0 0 1 0 1 0 1 1 0 0 0 1 1 1 1 1 0 0 0 0 0 1 1
783 "2016-02-10" 1 0 0 1 0 1 1 1 1 0 0 1 0 1 0 0 1 0 1 1 1 1 1 0 0 0 1 1 1 1
784 "2016-02-11" 1 0 0 1 1 0 1 1 0 0 1 1 0 0 0 1 1 1 1 0 1 1 1 0 0 0 0 0 1 0
785 "2016-02-12" 1 0 0 1 1 0 1 1 1 0 1 1 0 0 0 1 0 0 0 0 1 1 1 0 0 1 0 0 1 1
786 "2016-02-16" 1 0 0 1 1 0 0 1 1 1 1 1 1 1 1 1 0 0 0 1 1 1 0 1 0 0 0 0 1 1
787 "2016-02-17" 1 0 0 1 1 0 1 1 1 1 1 0 0 1 0 1 1 0 0 0 1 1 0 0 0 1 0 0 0 0
788 "2016-02-18" 1 0 0 1 1 0 0 0 1 1 0 1 0 1 1 0 1 0 1 0 1 1 0 0 0 0 0 1 1 0
789 "2016-02-19" 1 0 1 0 1 1 1 0 1 1 0 0 1 0 1 0 1 0 0 0 0 0 1 0 0 0 1 1 1 1
790 "2016-02-22" 1 0 0 1 1 1 1 0 1 1 1 1 0 1 1 1 0 0 0 0 0 1 1 1 0 0 1 0 1 1
791 "2016-02-23" 1 0 1 0 0 1 0 0 1 1 1 1 0 1 0 0 1 0 1 0 1 1 1 1 0 0 1 0 1 1
792 "2016-02-24" 1 0 0 1 1 1 1 1 1 1 0 1 1 1 1 1 0 0 0 0 1 1 1 0 0 1 0 0 1 1
793 "2016-02-25" 1 1 0 1 1 1 0 1 1 1 0 1 1 1 1 0 1 0 0 0 1 1 1 0 0 0 1 1 1 1
794 "2016-02-26" 1 0 1 1 1 0 1 0 1 1 0 1 1 1 1 1 0 1 0 1 1 1 1 0 0 0 1 1 1 1
795 "2016-02-29" 1 1 1 1 1 1 0 1 1 1 0 1 1 1 1 0 0 1 0 0 1 1 1 0 0 0 0 0 1 1
796 "2016-03-01" 1 0 1 1 1 0 0 1 1 1 1 1 1 1 1 0 1 1 1 1 1 1 1 0 0 1 0 1 1 0
797 "2016-03-02" 1 0 1 1 1 0 1 1 1 1 1 1 0 1 1 1 0 1 0 1 1 1 1 0 0 1 0 1 0 0
798 "2016-03-03" 1 0 0 1 1 1 1 1 1 1 0 1 1 1 1 1 1 1 0 1 1 1 0 0 0 0 0 0 1 1
799 "2016-03-04" 0 0 1 1 1 0 1 1 1 1 1 1 1 1 0 1 0 0 0 0 1 1 1 0 0 0 0 0 1 1
800 "2016-03-07" 0 0 1 1 1 0 1 1 1 1 1 1 0 1 1 1 1 0 0 0 1 1 1 1 0 0 1 1 1 1
801 "2016-03-08" 1 0 1 1 0 0 0 1 1 1 1 1 0 0 1 1 1 0 1 0 1 1 0 0 0 0 1 1 0 0
802 "2016-03-09" 1 0 0 1 1 0 1 1 1 1 0 1 0 0 1 0 0 0 1 0 1 1 1 0 0 1 0 1 1 0
803 "2016-03-10" 1 0 0 1 0 0 0 1 0 1 1 1 0 0 0 0 1 0 1 0 1 1 0 0 0 1 0 0 1 0
804 "2016-03-11" 1 0 0 1 1 0 1 1 1 1 1 0 0 1 0 1 1 0 0 0 1 1 1 0 0 0 1 1 0 0
805 "2016-03-14" 1 0 1 1 1 0 0 1 1 1 0 0 0 1 0 0 1 1 1 0 1 1 1 0 0 0 0 0 1 1
806 "2016-03-15" 1 0 0 1 1 0 0 1 1 1 1 0 1 1 0 0 1 1 1 0 1 1 1 1 0 0 0 0 1 1
807 "2016-03-16" 1 0 0 1 1 1 0 0 1 1 1 1 0 1 1 1 1 0 0 0 1 1 1 0 0 0 0 1 1 1
808 "2016-03-17" 1 0 1 1 1 0 0 1 0 1 1 1 0 1 0 1 1 1 1 1 1 1 1 0 0 0 0 0 1 1
809 "2016-03-18" 0 0 0 1 1 0 0 0 1 1 1 1 1 1 1 1 1 0 1 0 1 1 1 0 0 0 1 0 1 0
810 "2016-03-21" 0 0 0 1 1 0 0 1 0 1 1 1 0 0 0 1 0 0 0 1 1 1 1 0 0 0 0 0 1 0
811 "2016-03-22" 0 0 0 1 1 0 1 1 1 1 0 1 1 1 1 0 0 1 0 1 0 1 1 0 0 0 1 0 0 1
812 "2016-03-23" 1 0 0 1 1 0 0 1 0 1 1 1 1 0 0 1 1 0 0 1 1 1 0 0 0 0 0 0 1 0
813 "2016-03-24" 1 0 0 1 1 0 0 1 0 1 1 1 1 0 0 1 1 0 0 0 1 1 1 0 0 0 1 1 1 1
814 "2016-03-28" 1 0 0 1 1 0 0 0 1 1 1 1 1 0 1 1 1 0 0 0 1 1 1 0 0 0 0 0 1 1
815 "2016-03-29" 1 1 1 1 1 0 0 1 1 1 1 1 0 0 0 1 1 0 0 0 1 1 0 0 0 1 0 0 1 1
816 "2016-03-30" 1 0 0 1 1 1 0 1 1 1 0 1 0 0 0 0 1 0 1 0 1 1 1 0 0 1 0 1 1 1
817 "2016-03-31" 0 1 1 1 1 0 0 0 1 1 1 1 1 0 1 1 0 1 1 0 1 1 1 0 0 1 1 0 0 1
818 "2016-04-01" 0 0 1 1 1 0 0 1 1 1 0 1 1 0 1 0 0 0 1 0 1 1 1 0 0 0 0 1 1 1
819 "2016-04-04" 0 0 0 1 1 0 0 1 1 1 0 1 1 1 1 0 0 0 1 0 1 1 1 0 1 1 1 0 1 0
820 "2016-04-05" 0 0 0 1 1 0 0 1 1 1 0 1 0 0 1 1 1 1 0 0 1 1 1 1 0 0 0 0 1 1
821 "2016-04-06" 0 0 0 1 1 0 1 1 0 1 0 1 1 0 0 0 0 1 1 1 1 1 1 1 1 1 0 0 1 1
822 "2016-04-07" 1 1 0 1 1 0 0 0 1 1 0 1 0 1 0 0 1 1 1 1 1 1 1 0 0 0 1 0 0 1
823 "2016-04-08" 1 0 0 1 1 0 1 0 1 1 0 1 0 1 0 1 1 1 1 0 1 1 0 1 0 1 0 0 1 1
824 "2016-04-11" 1 0 0 1 1 0 0 0 1 1 0 0 0 1 0 0 0 1 1 0 1 1 0 1 0 0 0 0 1 1
825 "2016-04-12" 1 0 0 1 1 0 1 1 1 1 0 1 1 0 0 1 1 1 0 1 1 1 0 1 0 1 0 1 1 1
826 "2016-04-13" 1 0 0 1 1 0 1 1 0 1 1 0 1 1 0 0 0 1 1 1 1 1 1 0 0 0 0 0 1 1
827 "2016-04-14" 1 0 1 1 1 1 1 1 1 1 1 0 1 1 1 1 0 0 1 1 1 1 1 1 0 0 1 0 1 1
828 "2016-04-15" 1 0 1 1 1 0 1 1 1 1 0 1 0 1 1 1 1 1 1 0 1 1 1 0 0 0 1 1 1 0
829 "2016-04-18" 0 0 0 1 1 0 1 1 1 1 0 1 0 0 0 1 1 0 1 1 1 1 1 0 0 0 1 1 1 1
830 "2016-04-19" 0 1 1 1 1 1 0 0 1 1 0 1 1 0 0 0 1 1 1 0 1 1 1 0 0 1 1 0 1 1
831 "2016-04-20" 0 0 0 1 1 0 1 1 0 1 0 1 1 0 0 0 0 1 1 0 1 1 1 0 0 0 0 0 1 0
832 "2016-04-21" 1 0 0 1 1 0 0 1 1 1 0 1 0 0 1 0 0 1 1 1 1 1 0 1 0 0 0 1 1 0
833 "2016-04-22" 1 1 0 1 1 0 0 1 1 1 0 1 0 1 1 1 1 0 1 1 1 1 0 1 1 0 1 1 1 1
834 "2016-04-25" 0 1 0 1 1 0 0 1 1 1 0 1 0 0 0 0 0 1 0 0 1 0 1 0 0 0 0 1 1 1
835 "2016-04-26" 0 1 1 0 1 0 0 1 1 1 0 1 1 1 0 1 1 0 0 0 1 1 1 1 0 0 0 0 1 0
836 "2016-04-27" 0 0 0 1 1 0 0 0 0 1 1 1 1 1 0 0 0 0 0 0 1 1 1 1 0 0 0 1 1 0
837 "2016-04-28" 0 0 0 0 0 0 1 1 0 1 0 1 0 0 0 0 1 1 0 0 1 1 1 0 0 1 0 0 1 1
838 "2016-04-29" 0 0 0 0 1 0 0 0 0 1 1 1 1 0 0 0 0 1 0 0 1 1 1 0 0 1 0 1 1 1
839 "2016-05-02" 0 1 0 1 1 0 0 1 0 1 1 0 1 1 0 0 1 1 1 0 1 1 1 0 0 0 0 0 1 1
840 "2016-05-03" 0 0 0 1 1 0 0 1 0 1 0 0 1 1 0 0 0 0 0 0 1 1 1 0 0 0 0 0 0 0
841 "2016-05-04" 1 0 0 1 1 0 0 1 0 1 0 0 0 0 1 0 0 0 0 1 1 1 1 0 0 0 0 0 1 0
842 "2016-05-05" 1 0 0 0 1 0 0 1 1 1 0 0 1 1 1 0 0 0 0 1 1 0 1 0 0 1 0 0 1 1
843 "2016-05-06" 0 0 0 0 1 0 0 1 1 1 0 1 0 0 1 0 0 1 0 1 1 0 1 0 0 0 0 0 1 1
844 "2016-05-09" 1 0 0 1 1 0 1 1 1 1 1 1 0 1 0 0 1 0 0 1 1 1 1 0 0 0 0 1 1 0
845 "2016-05-10" 0 1 0 1 1 0 1 0 0 1 1 1 1 1 1 1 1 1 1 0 1 1 0 0 1 0 1 1 1 0
846 "2016-05-11" 0 1 0 0 1 0 0 1 0 1 0 1 1 0 1 1 0 0 0 1 1 1 0 0 0 1 1 1 1 1
847 "2016-05-12" 0 0 0 0 1 0 0 0 0 1 1 1 0 0 0 1 0 0 1 0 1 0 1 0 0 0 0 0 1 0
848 "2016-05-13" 0 0 0 1 1 0 0 0 0 0 0 1 0 1 0 0 0 0 1 1 0 0 1 0 0 1 0 0 1 0
849 "2016-05-16" 0 0 0 1 1 1 1 1 0 1 0 1 0 1 0 1 0 0 0 1 0 1 1 0 0 1 0 1 1 1
850 "2016-05-17" 0 0 0 1 1 0 1 1 0 1 0 0 0 1 0 1 0 1 0 1 0 1 0 0 0 0 1 0 1 0
851 "2016-05-18" 0 0 0 1 1 0 0 1 0 1 1 0 0 1 0 0 0 0 1 1 1 1 0 0 0 0 0 1 1 0
852 "2016-05-19" 1 0 0 1 1 0 0 1 1 1 1 0 0 1 0 1 0 0 0 0 1 1 1 0 0 0 0 0 0 1
853 "2016-05-20" 1 0 0 1 0 0 0 1 1 1 1 1 0 0 0 0 0 0 0 1 1 1 1 0 0 1 1 0 1 1
854 "2016-05-23" 1 0 1 1 1 1 0 1 0 1 0 1 1 1 0 1 1 0 0 1 1 1 1 0 0 1 0 0 1 0
855 "2016-05-24" 1 0 0 1 1 0 1 1 1 1 1 1 1 1 1 0 1 1 0 1 1 1 1 0 0 1 1 0 1 1
856 "2016-05-25" 0 0 0 1 1 0 0 1 1 1 0 1 0 1 1 1 0 1 0 1 1 1 1 0 0 0 1 0 1 1
857 "2016-05-26" 0 1 0 1 1 0 1 1 0 0 0 1 0 0 1 0 0 0 1 1 1 1 1 0 0 1 1 0 1 1
858 "2016-05-27" 0 0 1 1 1 0 1 1 1 1 1 1 1 0 1 0 0 0 0 1 1 0 0 0 0 0 1 1 1 1
859 "2016-05-31" 1 0 0 1 1 1 1 0 1 1 0 1 1 1 1 0 0 1 0 0 1 1 1 0 0 1 1 1 1 0
860 "2016-06-01" 1 0 1 1 0 0 0 1 1 1 0 0 0 0 0 1 0 0 0 1 0 1 1 0 0 0 1 0 1 0
861 "2016-06-02" 1 0 1 1 0 1 0 1 1 1 0 1 1 0 0 1 1 1 1 1 1 1 1 1 0 1 1 1 1 0
862 "2016-06-03" 1 0 0 1 1 1 0 1 1 1 0 0 1 0 0 1 1 0 0 1 1 1 0 0 0 1 1 1 1 0
863 "2016-06-06" 1 1 0 1 1 1 1 1 1 1 0 1 1 1 1 0 1 0 0 1 1 1 1 0 0 0 1 1 1 1
864 "2016-06-07" 0 1 0 1 1 0 1 1 1 1 0 1 1 1 1 1 1 0 0 0 0 1 1 0 1 0 0 1 1 1
865 "2016-06-08" 0 1 0 1 1 0 1 1 1 1 0 1 1 1 1 1 0 0 1 1 1 1 1 0 0 1 1 1 1 0
866 "2016-06-09" 0 0 1 1 1 0 1 0 1 1 0 1 1 1 0 1 1 1 0 1 1 1 1 0 0 0 1 1 1 1
867 "2016-06-10" 0 0 0 1 0 0 1 0 1 1 1 1 0 1 0 1 1 0 1 1 1 1 1 0 0 1 1 1 1 0
868 "2016-06-13" 1 1 1 1 1 0 0 0 1 1 0 1 0 0 0 1 1 0 0 0 1 1 1 0 0 1 1 1 1 0
869 "2016-06-14" 1 0 0 1 1 0 0 1 0 1 1 1 0 1 1 1 0 1 0 1 1 1 0 0 0 0 1 1 1 0
870 "2016-06-15" 1 0 0 1 1 0 0 1 0 1 0 1 0 1 0 1 0 0 0 0 1 1 1 0 0 0 0 1 1 1
871 "2016-06-16" 1 0 0 1 0 0 0 0 1 1 0 1 0 1 1 0 1 0 1 1 1 1 1 0 0 0 1 1 1 0
872 "2016-06-17" 1 0 0 0 1 0 0 1 1 1 0 1 0 1 1 1 0 0 1 1 1 1 0 0 0 1 0 1 1 0
873 "2016-06-20" 1 0 0 0 1 1 1 1 0 1 0 1 0 1 1 1 1 0 1 0 1 1 1 0 0 1 1 0 1 1
874 "2016-06-21" 0 0 0 1 1 0 1 0 0 1 1 1 1 1 0 1 0 0 0 1 1 1 0 0 0 0 0 1 1 1
875 "2016-06-22" 0 0 0 1 1 1 0 0 0 1 1 1 1 1 1 1 1 1 0 1 0 1 1 0 0 1 1 0 1 1
876 "2016-06-23" 0 1 1 1 1 0 1 0 1 1 1 1 1 0 1 1 1 1 1 0 1 1 1 0 0 1 1 1 1 1
877 "2016-06-24" 1 0 0 0 1 0 0 0 0 1 1 1 0 0 1 1 1 0 0 0 1 1 1 1 0 0 0 1 1 1
878 "2016-06-27" 1 0 0 0 0 0 1 0 0 1 1 1 0 1 0 0 1 0 0 0 0 1 0 0 0 1 1 1 1 0
879 "2016-06-28" 1 0 0 1 1 0 1 1 0 1 0 1 1 0 1 0 1 0 1 0 1 1 1 0 0 0 1 0 1 1
880 "2016-06-29" 1 0 1 1 1 0 0 1 0 1 1 1 0 1 1 0 1 1 0 0 1 1 1 0 0 0 1 1 1 1
881 "2016-06-30" 0 0 0 1 1 0 1 1 1 1 0 1 1 0 1 1 1 0 1 1 1 1 1 1 0 0 0 0 1 1
882 "2016-07-01" 0 0 1 1 1 0 0 1 1 0 0 1 1 1 0 1 0 0 0 0 1 1 1 1 0 0 0 1 1 1
883 "2016-07-05" 1 0 0 1 1 0 1 0 1 1 1 1 0 1 0 1 1 0 0 1 1 1 1 1 0 0 1 1 1 1
884 "2016-07-06" 1 0 0 1 1 0 1 1 0 1 1 1 1 0 0 1 1 0 0 1 1 1 1 1 0 0 1 1 1 1
885 "2016-07-07" 1 0 1 1 1 1 1 1 0 1 0 1 0 1 1 1 0 0 0 1 1 1 1 0 0 0 0 1 1 0
886 "2016-07-08" 1 1 1 1 1 0 0 1 0 1 1 1 1 1 0 1 1 1 1 1 1 1 1 1 1 1 1 0 1 0
887 "2016-07-11" 1 1 0 1 1 1 1 1 1 1 1 1 1 0 0 0 1 0 0 1 1 1 1 0 0 1 1 0 1 1
888 "2016-07-12" 1 0 0 1 1 1 1 1 1 1 1 1 1 1 1 1 1 1 1 0 1 1 0 0 1 0 1 1 1 0
889 "2016-07-13" 1 0 0 1 1 1 0 1 0 1 0 1 0 0 0 0 0 1 1 1 1 1 1 1 0 0 1 0 1 0
890 "2016-07-14" 1 0 0 1 0 0 1 1 0 1 1 1 1 1 0 1 1 1 0 0 1 1 1 1 0 0 1 1 1 1
891 "2016-07-15" 1 0 0 1 1 1 1 1 0 1 0 1 1 0 1 0 1 0 1 1 0 1 1 0 0 0 1 1 1 1
892 "2016-07-18" 0 0 0 1 0 0 0 1 1 1 1 1 0 0 0 1 1 1 0 1 1 1 1 1 1 1 1 1 1 0
893 "2016-07-19" 1 0 1 1 1 0 1 1 0 1 0 1 1 1 0 1 1 0 1 0 1 1 1 0 0 1 1 0 1 0
894 "2016-07-20" 0 0 0 1 1 0 0 1 0 1 0 1 0 0 1 1 1 0 1 1 1 1 1 0 1 0 1 0 1 0
895 "2016-07-21" 0 0 0 1 0 0 1 1 1 1 0 1 0 0 0 1 1 1 1 1 1 1 1 0 0 1 1 1 1 1
896 "2016-07-22" 0 0 1 1 1 0 1 1 0 1 0 1 0 0 1 1 1 0 1 1 1 1 0 0 0 1 0 1 1 0
897 "2016-07-25" 0 0 0 0 1 0 0 1 1 1 1 1 0 0 0 1 1 0 1 0 1 1 1 0 0 0 0 1 1 0
898 "2016-07-26" 0 0 0 1 1 1 0 1 0 0 1 0 0 1 0 1 0 0 0 1 1 1 1 0 0 1 0 0 1 0
899 "2016-07-27" 0 0 0 1 1 0 0 1 1 1 0 0 0 0 1 1 0 1 0 0 0 1 1 0 0 1 1 0 1 0
900 "2016-07-28" 0 0 1 1 1 0 0 0 1 1 1 1 0 1 1 1 1 0 1 1 0 1 0 0 0 1 0 1 1 0
901 "2016-07-29" 0 0 0 1 1 0 0 0 1 1 0 1 1 1 0 1 1 0 0 1 1 1 0 1 0 0 0 0 1 0
902 "2016-08-01" 0 0 0 1 1 1 0 1 0 1 0 1 1 0 0 0 0 0 0 1 1 1 1 0 0 0 0 0 1 1
903 "2016-08-02" 1 0 0 1 1 0 0 1 0 1 0 1 1 0 0 1 1 0 0 1 1 1 1 0 0 0 0 0 0 0
904 "2016-08-03" 1 0 1 1 0 1 0 0 0 1 1 1 0 0 0 1 1 0 1 1 1 1 1 0 0 1 1 1 0 0
905 "2016-08-04" 1 0 1 1 1 1 1 1 0 1 0 1 0 1 0 1 0 0 1 1 0 1 1 0 0 0 1 1 1 0
906 "2016-08-05" 0 0 1 1 1 1 0 1 1 1 0 1 1 1 1 1 0 1 1 1 1 1 1 0 0 1 0 0 1 0
907 "2016-08-08" 1 1 0 1 1 1 0 0 1 1 1 1 0 0 1 1 1 1 0 1 1 1 1 1 0 0 0 0 0 1
908 "2016-08-09" 1 0 1 1 1 1 1 1 1 1 1 1 1 0 1 1 0 0 1 1 1 1 1 1 0 1 0 1 1 0
909 "2016-08-10" 1 0 0 1 1 0 1 1 1 1 1 1 0 0 0 1 1 1 1 0 1 1 1 0 0 1 1 0 0 1
910 "2016-08-11" 0 0 1 1 1 1 0 1 1 1 0 1 1 1 0 1 0 0 1 1 1 1 1 0 0 1 0 0 1 1
911 "2016-08-12" 0 0 0 1 1 0 1 1 1 1 1 1 1 1 0 0 1 0 0 0 1 1 1 0 0 0 0 0 0 1
912 "2016-08-15" 0 0 1 1 1 1 1 1 1 1 1 1 1 1 0 1 1 0 1 0 1 1 1 0 0 0 0 0 1 1
913 "2016-08-16" 1 0 0 1 1 0 0 1 0 1 1 0 0 1 0 1 0 1 0 0 1 1 0 1 0 0 0 1 1 1
914 "2016-08-17" 0 0 0 1 1 1 0 1 0 1 1 1 0 1 0 1 1 0 1 1 0 1 1 1 0 0 0 1 1 1
915 "2016-08-18" 0 0 1 1 1 0 1 1 0 1 1 1 1 1 0 1 1 1 1 1 1 1 1 1 0 0 0 1 1 1
916 "2016-08-19" 0 1 0 1 1 0 0 1 1 0 1 1 1 1 1 1 0 0 1 0 1 1 1 1 0 0 0 0 0 1
917 "2016-08-22" 0 1 1 1 1 0 0 1 0 1 0 1 0 0 1 1 1 0 0 1 1 1 1 0 0 0 0 1 1 1
918 "2016-08-23" 0 0 1 1 1 0 0 1 0 1 0 1 1 1 0 1 0 0 0 0 0 1 1 1 0 0 0 1 1 1
919 "2016-08-24" 1 0 1 1 0 0 0 1 0 1 1 1 0 1 0 0 1 0 0 0 0 1 1 0 0 0 1 0 1 1
920 "2016-08-25" 1 0 1 1 0 0 0 1 0 1 0 1 0 1 0 1 1 0 0 0 1 1 1 1 0 0 0 0 1 1
921 "2016-08-26" 1 1 0 1 1 0 0 1 0 1 0 1 0 0 0 1 1 0 1 0 1 1 1 0 0 0 1 0 1 0
922 "2016-08-29" 0 0 0 1 1 0 0 1 0 1 0 1 1 0 0 1 1 1 0 1 1 0 1 0 0 1 1 1 1 0
923 "2016-08-30" 1 1 0 0 0 0 0 1 0 0 0 1 1 0 0 1 1 1 1 0 0 1 1 0 0 0 1 1 1 0
924 "2016-08-31" 1 1 0 1 0 0 0 1 0 0 0 1 1 0 1 1 0 1 1 0 1 1 1 0 1 1 1 1 1 1
925 "2016-09-01" 1 1 0 1 0 0 0 1 1 0 0 1 0 1 0 1 1 0 0 1 1 1 1 1 0 0 1 1 0 1
926 "2016-09-02" 0 1 1 1 1 0 0 1 1 1 0 1 0 0 0 1 0 0 1 0 1 1 1 1 0 0 1 1 1 1
927 "2016-09-06" 0 0 0 1 1 0 0 1 1 1 0 1 0 0 1 1 0 0 0 1 0 1 1 1 1 0 1 1 1 1
928 "2016-09-07" 0 0 1 1 1 1 0 1 0 1 1 1 0 0 1 1 0 0 1 1 1 1 1 0 0 0 1 0 1 1
929 "2016-09-08" 0 0 1 1 0 0 1 1 0 1 0 1 1 0 0 1 0 1 1 1 1 1 1 0 0 0 0 1 1 0
930 "2016-09-09" 0 0 1 0 0 0 1 1 1 1 0 0 0 0 0 1 1 1 0 1 0 1 0 0 0 0 1 1 1 0
931 "2016-09-12" 0 1 0 1 1 0 0 1 0 1 0 1 1 0 0 1 0 0 0 0 1 0 1 0 1 0 1 0 1 1
932 "2016-09-13" 1 0 0 1 1 0 0 0 0 1 0 1 1 1 1 1 1 0 1 1 1 1 1 0 0 0 1 0 1 1
933 "2016-09-14" 1 0 1 1 0 0 0 1 1 1 0 1 1 1 0 1 0 0 1 1 1 1 1 1 0 0 1 0 1 0
934 "2016-09-15" 0 0 0 1 0 0 0 1 1 1 1 1 1 1 0 1 1 0 0 0 1 1 0 1 0 0 0 1 0 1
935 "2016-09-16" 1 0 0 1 1 0 0 0 0 1 0 1 0 1 1 1 1 0 0 1 0 1 1 1 0 0 0 1 1 1
936 "2016-09-19" 1 0 1 1 0 0 1 1 0 1 0 1 1 1 1 1 0 0 1 0 1 1 1 1 0 0 0 1 1 1
937 "2016-09-20" 1 0 1 1 0 0 0 1 0 1 1 1 1 0 1 1 0 0 1 0 1 1 1 1 0 0 0 0 1 1
938 "2016-09-21" 0 1 0 1 1 0 0 1 0 1 1 1 1 0 0 1 0 0 0 1 1 1 0 1 0 0 0 0 1 0
939 "2016-09-22" 0 1 0 1 1 1 0 1 0 1 1 1 1 1 0 1 1 0 1 0 1 1 1 1 0 0 1 1 1 0
940 "2016-09-23" 1 1 0 1 1 0 0 1 1 1 1 1 1 1 0 1 0 1 0 0 1 1 1 1 0 0 0 1 0 1
941 "2016-09-26" 1 0 1 1 1 0 1 1 1 1 0 1 1 0 0 1 1 1 0 1 1 1 1 0 0 0 0 1 0 1
942 "2016-09-27" 1 0 0 1 0 1 0 1 0 1 1 1 1 0 1 1 0 0 0 1 1 1 0 0 0 0 0 1 1 0
943 "2016-09-28" 0 0 0 1 1 1 1 1 0 1 1 1 1 1 1 1 0 0 0 1 0 1 1 1 0 0 0 0 1 1
944 "2016-09-29" 1 0 0 1 1 1 0 1 0 1 0 1 1 1 1 1 0 0 1 1 1 1 1 0 0 0 0 0 1 1
945 "2016-09-30" 0 1 0 1 1 0 1 1 1 1 1 1 1 1 1 1 0 0 1 1 1 1 1 1 1 0 0 1 0 1
946 "2016-10-03" 1 0 0 1 1 0 0 1 1 1 0 0 1 1 0 1 0 0 0 1 0 1 1 1 0 0 0 0 1 0
947 "2016-10-04" 1 0 1 1 1 0 1 1 0 1 1 1 0 1 1 1 1 0 0 1 0 1 1 0 0 0 0 1 1 1
948 "2016-10-05" 1 0 0 1 1 1 1 1 1 1 1 1 1 1 0 1 1 1 0 0 1 1 1 1 0 1 0 1 1 1
949 "2016-10-06" 0 0 0 1 1 0 1 1 0 1 1 1 1 1 0 1 0 1 1 0 1 1 1 0 1 1 0 1 0 1
950 "2016-10-07" 0 0 0 1 1 0 1 1 0 1 0 1 1 1 1 1 0 1 1 1 1 1 0 1 0 1 0 1 1 0
951 "2016-10-10" 0 0 1 1 1 0 1 0 0 1 1 1 0 1 1 1 0 0 0 1 1 1 1 1 0 1 0 1 1 1
952 "2016-10-11" 1 0 0 1 1 0 0 1 0 0 0 1 0 1 0 1 0 0 0 1 1 1 0 1 0 1 1 0 1 1
953 "2016-10-12" 0 1 0 1 1 1 0 1 0 1 0 1 1 1 1 1 1 0 1 0 1 1 1 0 0 0 1 0 0 1
954 "2016-10-13" 1 0 0 1 1 0 0 1 1 1 1 1 1 0 1 1 1 1 1 1 1 1 1 0 0 1 0 1 0 1
955 "2016-10-14" 1 0 0 1 0 1 1 1 1 1 0 0 1 1 0 1 0 1 0 1 1 1 1 1 0 1 1 0 1 1
956 "2016-10-17" 1 0 1 1 1 0 0 0 0 1 0 1 1 0 0 1 1 1 1 1 1 1 1 1 0 0 0 1 1 0
957 "2016-10-18" 0 0 0 1 1 0 0 1 0 1 0 1 1 0 1 1 1 1 0 1 1 1 1 1 0 1 1 0 1 0
958 "2016-10-19" 1 0 1 1 1 0 1 0 1 1 0 1 1 0 1 1 0 0 0 0 1 1 1 0 0 1 1 1 1 0
959 "2016-10-20" 1 0 0 1 1 0 1 0 0 1 0 1 1 1 1 1 1 1 0 1 1 1 1 0 0 0 1 0 1 1
960 "2016-10-21" 1 0 1 1 1 0 1 0 0 1 0 1 1 0 1 1 0 1 1 1 1 1 1 1 1 0 1 1 0 0
961 "2016-10-24" 0 1 0 1 1 0 1 1 0 1 0 1 1 0 1 1 1 1 1 1 1 1 0 0 0 1 0 1 1 0
962 "2016-10-25" 0 0 1 1 1 0 0 1 1 1 1 1 1 1 1 1 0 0 0 1 1 1 1 1 0 1 0 1 1 1
963 "2016-10-26" 0 0 0 1 1 0 1 1 1 1 1 1 1 0 1 1 1 0 0 0 1 1 1 0 0 1 0 0 1 0
964 "2016-10-27" 0 0 0 1 0 0 1 1 0 1 1 1 1 0 1 1 0 0 0 1 1 1 1 1 0 0 0 1 1 1
965 "2016-10-28" 0 0 0 1 1 0 1 1 0 1 0 1 0 1 1 1 0 0 1 1 1 1 1 0 0 0 0 1 1 1
966 "2016-10-31" 0 0 0 1 1 0 1 1 1 1 1 1 1 0 0 1 1 0 0 0 1 1 1 0 0 0 0 1 1 1
967 "2016-11-01" 0 1 0 0 1 1 1 1 1 1 1 1 1 1 1 1 1 0 0 1 1 1 0 0 0 1 1 0 0 0
968 "2016-11-02" 1 0 0 1 1 0 1 0 0 1 0 1 0 0 0 1 1 0 0 1 0 1 1 1 0 0 0 0 0 0
969 "2016-11-03" 1 1 0 0 1 0 0 0 1 1 0 1 1 0 1 1 1 0 1 1 1 1 1 0 0 0 0 1 0 1
970 "2016-11-04" 1 0 0 1 1 0 0 0 0 1 0 1 0 0 1 0 1 0 1 0 1 1 1 1 0 0 0 1 0 0
971 "2016-11-07" 1 0 0 1 1 1 1 1 1 1 0 1 1 1 0 1 1 1 1 1 1 1 0 1 0 0 0 1 1 0
972 "2016-11-08" 1 0 0 1 1 0 1 0 0 1 0 1 0 0 0 1 1 1 0 1 1 0 1 0 0 1 0 1 1 1
973 "2016-11-09" 1 0 1 1 1 1 0 0 0 1 1 1 1 0 1 1 1 0 1 0 0 1 1 1 0 1 0 0 0 0
974 "2016-11-10" 1 0 1 1 1 0 0 1 1 1 0 1 1 1 1 1 1 0 1 0 1 0 1 1 0 1 0 1 1 1
975 "2016-11-11" 1 1 1 1 1 1 1 1 0 1 1 1 1 1 1 1 1 1 0 1 1 1 1 1 0 0 0 1 1 1
976 "2016-11-14" 1 1 1 0 1 0 0 1 0 1 0 1 0 1 1 1 1 0 0 1 1 1 1 1 0 0 1 1 1 0
977 "2016-11-15" 0 1 0 1 1 0 0 1 0 0 1 1 1 1 1 1 0 1 1 1 1 1 1 0 0 0 0 1 1 1
978 "2016-11-16" 1 1 1 1 0 0 1 0 0 1 0 1 1 1 1 1 1 0 1 1 1 1 1 0 0 0 0 1 1 1
979 "2016-11-17" 1 0 0 1 1 0 0 1 1 1 1 1 1 1 0 1 1 1 0 1 1 1 0 1 0 0 0 0 1 1
980 "2016-11-18" 1 0 1 1 1 1 1 0 1 1 0 1 1 1 1 1 1 1 0 1 1 1 1 0 0 1 0 1 1 1
981 "2016-11-21" 1 0 0 1 1 0 1 1 1 1 0 1 1 1 1 1 0 0 0 0 1 1 1 0 0 1 0 0 1 1
982 "2016-11-22" 1 1 0 1 1 1 0 1 1 1 0 1 1 1 1 1 1 0 0 1 1 1 1 0 0 0 1 1 1 1
983 "2016-11-23" 1 0 1 1 1 1 0 0 1 1 0 0 1 1 1 1 1 1 1 1 1 1 1 0 0 0 0 1 1 0
984 "2016-11-25" 0 0 1 1 0 0 0 0 0 1 0 1 0 0 1 1 1 0 1 0 0 1 1 0 0 0 0 1 1 1
985 "2016-11-28" 1 0 0 1 1 0 1 1 1 1 0 0 0 0 1 1 1 0 0 0 1 1 0 1 0 0 1 0 1 1
986 "2016-11-29" 1 0 0 1 1 0 1 0 1 1 0 1 0 0 0 1 1 1 0 1 1 0 1 0 0 0 1 1 1 1
987 "2016-11-30" 1 0 1 1 1 0 1 1 1 1 1 1 1 1 0 1 0 0 0 1 1 1 1 1 0 0 0 0 1 0
988 "2016-12-01" 1 0 0 1 1 1 1 1 1 1 1 1 1 1 0 1 1 1 0 0 1 1 1 0 0 1 0 1 1 0
989 "2016-12-02" 1 0 0 1 0 0 1 0 1 1 1 1 0 1 0 1 0 0 0 1 1 1 1 1 0 0 1 1 1 1
990 "2016-12-05" 1 0 0 0 1 1 0 1 1 1 1 1 0 1 0 1 1 0 1 1 1 1 1 0 0 0 1 1 1 0
991 "2016-12-06" 1 1 0 1 0 1 0 1 1 1 0 1 1 1 0 1 1 0 1 0 1 1 1 0 0 1 1 1 1 1
992 "2016-12-07" 1 0 1 1 0 0 0 1 1 1 1 1 1 1 1 1 1 0 0 0 1 1 1 1 0 1 1 1 1 1
993 "2016-12-08" 1 1 1 1 1 0 1 1 1 1 1 1 1 1 1 1 0 0 1 1 1 1 0 0 0 0 1 1 1 0
994 "2016-12-09" 1 0 1 1 1 0 1 1 1 1 1 1 1 1 1 1 1 1 1 0 1 1 1 0 0 1 0 1 1 1
995 "2016-12-12" 1 0 0 1 1 1 0 1 0 1 1 1 0 1 1 1 1 0 1 1 1 1 1 1 0 1 0 1 0 1
996 "2016-12-13" 0 0 0 1 1 0 0 1 1 1 1 1 0 0 1 1 1 0 0 1 1 1 1 1 0 0 0 1 1 1
997 "2016-12-14" 1 0 0 1 1 0 0 1 1 1 0 1 0 1 0 1 1 1 1 0 1 1 1 0 0 0 1 1 1 1
998 "2016-12-15" 1 0 1 1 1 0 0 0 1 1 1 1 1 0 0 1 0 0 1 1 1 1 1 1 0 1 0 1 1 0
999 "2016-12-16" 1 0 1 1 1 0 1 1 1 1 1 1 0 0 0 1 1 0 0 1 1 1 1 0 0 1 1 0 0 0
1000 "2016-12-19" 1 0 0 1 0 0 0 1 1 1 1 1 1 1 1 1 1 1 0 1 1 1 1 0 0 1 1 1 1 0
1001 "2016-12-20" 0 0 0 1 1 0 1 1 1 1 1 1 1 1 0 1 1 1 0 1 1 1 1 0 1 1 0 0 1 1
1002 "2016-12-21" 1 0 0 1 0 0 1 0 1 1 1 0 1 0 0 1 1 0 0 1 1 1 1 1 1 0 0 0 1 0
1003 "2016-12-22" 0 0 0 1 1 0 1 1 1 1 1 1 0 1 1 1 0 0 1 1 1 1 0 1 0 1 0 1 1 1
1004 "2016-12-23" 0 0 0 1 0 0 0 1 1 1 1 1 0 0 0 1 0 0 1 1 1 0 1 0 0 0 0 0 0 0
1005 "2016-12-27" 0 0 0 1 0 0 0 1 1 1 0 1 1 1 1 1 0 0 0 1 1 1 1 1 0 0 0 0 1 1
